   1   0.394   1.01 
   2   0.429   1.06 
   3   0.465   2.27 
   4   0.394   1.07 
   5   0.466   1.08 
   6   0.436   1.09 
   7   0.453   1.08 
   8   0.409   3.40 
   9   0.447   2.64 
  10   0.459   1.06 
  11   0.448   1.75 
  12   0.446   1.06 
  13   0.465   1.52 
  14   0.418   1.09 
  15   0.388   1.09 
  16   0.395   1.11 
  17   0.455   3.55 
  18   0.477   1.07 
  19   0.385   1.08 
  20   0.452   1.08 
  21   0.435   1.25 
  22   0.429   1.72 
  23   0.453   1.08 
  24   0.443   1.33 
  25   0.408   1.08 
  26   0.435   1.08 
  27   0.460   1.09 
  28   0.419   1.09 
  29   0.406   1.07 
  30   0.401   1.07 
  31   0.432   1.01 
  32   0.449   3.74 
  33   0.422   2.22 
  34   0.409   3.96 
  35   0.450   1.48 
  36   0.441   1.07 
  37   0.410   1.07 
  38   0.440   1.08 
  39   0.432   1.09 
  40   0.437   1.08 
  41   0.433   1.10 
  42   0.408   1.08 
  43   0.464   1.08 
  44   0.443   1.95 
  45   0.446   1.08 
  46   0.440   1.07 
  47   0.430   1.08 
  48   0.438   1.59 
  49   0.414   1.15 
  50   0.450   1.06 
  51   0.437   1.08 
  52   0.389   1.09 
  53   0.426   1.08 
  54   0.433   0.998
  55   0.449   1.07 
  56   0.453   1.09 
  57   0.439   1.07 
  58   0.417   1.05 
  59   0.405   1.09 
  60   0.430   1.09 
  61   0.393   1.06 
  62   0.404   1.07 
  63   0.386   4.52 
  64   0.463   1.08 
  65   0.460   1.16 
  66   0.449   1.10 
  67   0.467   2.13 
  68   0.444   1.09 
  69   0.459   4.33 
  70   0.464   1.03 
  71   0.461   1.07 
  72   0.436   1.21 
  73   0.456   1.07 
  74   0.451   1.06 
  75   0.422   1.07 
  76   0.429   1.04 
  77   0.469   1.06 
  78   0.451   1.06 
  79   0.402   1.07 
  80   0.455   1.08 
  81   0.434   1.09 
  82   0.429   1.18 
  83   0.425   1.09 
  84   0.437   1.09 
  85   0.433   1.10 
  86   0.465   1.09 
  87   0.462   1.09 
  88   0.456   1.09 
  89   0.448   1.07 
  90   0.457   1.10 
  91   0.401   1.09 
  92   0.419   1.03 
  93   0.448   1.08 
  94   0.466   1.08 
  95   0.424   1.06 
  96   0.425   1.08 
  97   0.427   1.18 
  98   0.439   1.07 
  99   0.405   1.68 
 100   0.437   1.07 
 101   0.429   1.07 
 102   0.428   1.03 
 103   0.462   1.08 
 104   0.454   1.06 
 105   0.434   1.03 
 106   0.446   1.13 
 107   0.459   3.02 
 108   0.466   1.84 
 109   0.439   1.18 
 110   0.444   0.972
 111   0.409   0.938
 112   0.433   1.08 
 113   0.427   0.924
 114   0.413   1.07 
 115   0.449   0.972
 116   0.421   1.02 
 117   0.461   1.00 
 118   0.430   1.13 
 119   0.506   0.975
 120   0.466   1.00 
 121   0.467   3.11 
 122   0.432   1.03 
 123   0.452   1.01 
 124   0.456   1.07 
 125   0.395   1.08 
 126   0.456   1.06 
 127   0.446   1.24 
 128   0.412   1.10 
 129   0.459   1.09 
 130   0.428   1.78 
 131   0.434   7.92 
 132   0.445   1.06 
 133   0.450   1.09 
 134   0.466   1.09 
 135   0.467   1.09 
 136   0.416   1.40 
 137   0.371   1.08 
 138   0.469   1.04 
 139   0.357   1.06 
 140   0.364   1.07 
 141   0.374   1.64 
 142   0.453   1.06 
 143   0.358   1.07 
 144   0.425   1.09 
 145   0.420   1.05 
 146   0.451   1.06 
 147   0.445   1.09 
 148   0.438   1.07 
 149   0.455   1.10 
 150   0.428   1.09 
 151   0.464   0.966
 152   0.395   1.07 
 153   0.417   1.08 
 154   0.449   0.974
 155   0.407   1.08 
 156   0.403   1.06 
 157   0.394   1.00 
 158   0.442   1.01 
 159   0.382   1.05 
 160   0.419   2.19 
 161   0.443   1.07 
 162   0.446   1.08 
 163   0.458   1.04 
 164   0.454   1.68 
 165   0.445   0.936
 166   0.442   1.04 
 167   0.446   1.07 
 168   0.441   1.45 
 169   0.371   1.09 
 170   0.411   1.06 
 171   0.449   2.53 
 172   0.435   1.38 
 173   0.425   1.08 
 174   0.427   1.07 
 175   0.423   1.89 
 176   0.462   1.08 
 177   0.431   1.08 
 178   0.383   1.08 
 179   0.406   1.45 
 180   0.457   1.07 
 181   0.450   1.08 
 182   0.463   1.09 
 183   0.447   1.07 
 184   0.409   1.12 
 185   0.462   1.06 
 186   0.418   1.65 
 187   0.414   1.08 
 188   0.417   1.08 
 189   0.398   1.11 
 190   0.436   10.6 
 191   0.448   1.13 
 192   0.401   1.08 
 193   0.440   1.07 
 194   0.418   1.07 
 195   0.437   5.26 
 196   0.456   1.05 
 197   0.444   1.06 
 198   0.321   1.07 
 199   0.462   1.01 
 200   0.492   1.07 
 201   0.418   1.06 
 202   0.456   1.02 
 203   0.414   1.08 
 204   0.357   1.06 
 205   0.452   1.08 
 206   0.465   1.03 
 207   0.416   1.08 
 208   0.428   1.08 
 209   0.455   1.06 
 210   0.453   1.06 
 211   0.417   0.992
 212   0.455   1.08 
 213   0.461   1.07 
 214   0.441   1.07 
 215   0.464   1.07 
 216   0.429   1.46 
 217   0.416   1.08 
 218   0.389   1.08 
 219   0.419   1.09 
 220   0.386   1.08 
 221   0.398   1.09 
 222   0.377   1.06 
 223   0.426   1.06 
 224   0.397   1.06 
 225   0.389   1.06 
 226   0.395   1.07 
 227   0.375   1.08 
 228   0.455   1.27 
 229   0.469   1.07 
 230   0.463   1.09 
 231   0.466   1.10 
 232   0.462   0.996
 233   0.538   1.09 
 234   0.409   1.09 
 235   0.435   1.13 
 236   0.469   1.08 
 237   0.386   1.01 
 238   0.415   1.07 
 239   0.473   1.01 
 240   0.434   1.08 
 241   0.444   1.05 
 242   0.443   1.01 
 243   0.384   1.00 
 244   0.457   1.67 
 245   0.437   1.05 
 246   0.439   1.05 
 247   0.451   1.04 
 248   0.450   1.06 
 249   0.426   1.05 
 250   0.425   1.10 
 251   0.416   1.14 
 252   0.442   1.69 
 253   0.427   1.07 
 254   0.391   1.08 
 255   0.406   1.08 
 256   0.396   1.07 
 257   0.419   1.10 
 258   0.425   1.08 
 259   0.407   1.08 
 260   0.401   1.08 
 261   0.450   1.08 
 262   0.393   1.08 
 263   0.335   1.08 
 264   0.470   1.01 
 265   0.448   1.09 
 266   0.449   1.28 
 267   0.393   1.08 
 268   0.385   1.08 
 269   0.449   1.09 
 270   0.429   1.10 
 271   0.325   1.09 
 272   0.411   1.08 
 273   0.443   1.10 
 274   0.427   1.09 
 275   0.422   1.07 
 276   0.463   1.05 
 277   0.462   1.07 
 278   0.433   1.02 
 279   0.393   1.07 
 280   0.449   1.07 
 281   0.437   1.12 
 282   0.459   1.09 
 283   0.455   2.42 
 284   0.447   1.00 
 285   0.427   1.03 
 286   0.397   1.08 
 287   0.398   1.05 
 288   0.420   1.09 
 289   0.425   1.03 
 290   0.457   1.06 
 291   0.442   1.08 
 292   0.432   1.06 
 293   0.465   1.05 
 294   0.417   1.09 
 295   0.415   1.05 
 296   0.305   1.07 
 297   0.384   1.08 
 298   0.483   1.09 
 299   0.395   1.10 
 300   0.420   1.09 
 301   0.397   1.08 
 302   0.441   1.05 
 303   0.622   1.03 
 304   0.400   1.08 
 305   0.451   1.10 
 306   0.442   1.12 
 307   0.456   1.05 
 308   0.421   1.06 
 309   0.419   1.09 
 310   0.412   1.09 
 311   0.439   1.07 
 312   0.458   1.08 
 313   0.462   1.11 
 314   0.418   1.13 
 315   0.438   1.08 
 316   0.403   1.05 
 317   0.449   1.01 
 318   0.447   1.00 
 319   0.437   1.10 
 320   0.460   1.08 
 321   0.455   1.01 
 322   0.420   1.07 
 323   0.432   1.05 
 324   0.413   1.60 
 325   0.418   1.06 
 326   0.392   1.06 
 327   0.397   1.07 
 328   0.465   2.78 
 329   0.467   1.07 
 330   0.473   1.08 
 331   0.457   1.34 
 332   0.407   4.68 
 333   0.458   1.09 
 334   0.457   1.07 
 335   0.429   1.06 
 336   0.421   1.06 
 337   0.433   1.10 
 338   0.436   1.08 
 339   0.420   1.07 
 340   0.461   1.09 
 341   0.442   1.10 
 342   0.461   1.08 
 343   0.465   1.08 
 344   0.441   1.10 
 345   0.425   1.05 
 346   0.456   1.56 
 347   0.455   1.08 
 348   0.373   1.08 
 349   0.411   1.09 
 350   0.390   1.07 
 351   0.414   1.07 
 352   0.443   1.06 
 353   0.420   1.07 
 354   0.437   1.07 
 355   0.439   1.06 
 356   0.440   1.08 
 357   0.465   1.04 
 358   0.427   1.05 
 359   0.414   1.08 
 360   0.441   1.07 
 361   0.450   1.07 
 362   0.425   1.08 
 363   0.449   1.08 
 364   0.462   1.65 
 365   0.411   1.08 
 366   0.442   0.997
 367   0.442   1.06 
 368   0.392   1.06 
 369   0.447   1.02 
 370   0.429   1.05 
 371   0.464   1.09 
 372   0.464   1.06 
 373   0.449   1.45 
 374   0.427   1.07 
 375   0.434   1.07 
 376   0.424   1.07 
 377   0.456   1.07 
 378   0.392   1.07 
 379   0.441   1.06 
 380   0.437   1.07 
 381   0.473   1.08 
 382   0.441   1.66 
 383   0.448   1.06 
 384   0.465   1.01 
 385   0.428   1.04 
 386   0.413   1.08 
 387   0.447   1.09 
 388   0.389   1.08 
 389   0.448   1.09 
 390   0.465   1.10 
 391   0.461   1.09 
 392   0.465   1.07 
 393   0.463   1.06 
 394   0.466   1.06 
 395   0.441   1.07 
 396   0.445   10.6 
 397   0.453   8.27 
 398   0.455   6.85 
 399   0.431   4.77 
 400   0.451   2.88 
 401   0.451   1.34 
 402   0.463   1.08 
 403   0.426   1.08 
 404   0.415   1.09 
 405   0.449   1.06 
 406   0.442   1.08 
 407   0.437   1.12 
 408   0.434   1.09 
 409   0.457   1.13 
 410   0.467   1.10 
 411   0.458   1.11 
 412   0.418   1.52 
 413   0.447   1.11 
 414   0.458   1.09 
 415   0.462   1.09 
 416   0.427   1.09 
 417   0.415   1.10 
 418   0.412   1.03 
 419   0.443   1.12 
 420   0.455   1.09 
 421   0.452   1.09 
 422   0.469   1.08 
 423   0.426   1.03 
 424   0.452   1.39 
 425   0.444   1.10 
 426   0.493   1.10 
 427   0.433   1.08 
 428   0.429   1.09 
 429   0.311   1.05 
 430   0.454   1.00 
 431   0.452   1.01 
 432   0.450   1.08 
 433   0.463   1.08 
 434   0.444   1.10 
 435   0.464   1.14 
 436   0.412   2.26 
 437   0.467   0.918
 438   0.439   0.992
 439   0.370   0.938
 440   0.456   1.03 
 441   0.462   0.966
 442   0.507   0.999
 443   0.381   1.51 
 444   0.429   1.34 
 445   0.462   0.975
 446   0.459   0.925
 447   0.410   0.930
 448   0.464   1.39 
 449   0.474   0.974
 450   0.426   1.00 
 451   0.374   1.06 
 452   0.387   1.07 
 453   0.410   1.05 
 454   0.379   0.938
 455   0.370   0.965
 456   0.433   0.990
 457   0.407   0.907
 458   0.455   2.84 
 459   0.447   1.09 
 460   0.356   1.18 
 461   0.402   1.06 
 462   0.401   1.07 
 463   0.414   0.903
 464   0.390   2.11 
 465   0.434   1.03 
 466   0.461   0.951
 467   0.463   1.06 
 468   0.461   1.07 
 469   0.441   1.02 
 470   0.397   0.959
 471   0.331   0.942
 472   0.430   0.962
 473   0.439   1.06 
 474   0.353   0.962
 475   0.398   2.85 
 476   0.379   1.07 
 477   0.432   0.948
 478   0.455   0.976
 479   0.451   1.04 
 480   0.422   1.09 
 481   0.419   1.07 
 482   0.430   1.19 
 483   0.543   1.08 
 484   0.400   3.76 
 485   0.455   1.02 
 486   0.384   1.67 
 487   0.366   0.973
 488   0.370   0.999
 489   0.403   1.10 
 490   0.416   1.09 
 491   0.419   1.01 
 492   0.313   1.07 
 493   0.383   3.26 
 494   0.444   1.06 
 495   0.425   1.07 
 496   0.481   1.33 
 497   0.436   2.08 
 498   0.398   1.01 
 499   0.393   2.82 
 500   0.371   1.01 
 501   0.436   0.963
 502   0.437   3.57 
 503   0.326   1.06 
 504   0.420   0.977
 505   0.450   1.73 
 506   0.438   2.75 
 507   0.413   1.06 
 508   0.422   2.38 
 509   0.447   0.998
 510   0.394   1.09 
 511   0.434   2.22 
 512   0.438   0.980
 513   0.441   1.08 
 514   0.415   1.06 
 515   0.441   1.02 
 516   0.461   1.03 
 517   0.397   1.02 
 518   0.436   0.964
 519   0.395   1.01 
 520   0.370   1.00 
 521   0.465   1.01 
 522   0.440   1.09 
 523   0.445   0.984
 524   0.412   1.02 
 525   0.422   0.974
 526   0.460   0.979
 527   0.423   0.938
 528   0.420   0.946
 529   0.459   0.989
 530   0.459   0.972
 531   0.456   1.05 
 532   0.473   1.03 
 533   0.456   1.11 
 534   0.432   2.38 
 535   0.466   1.04 
 536   0.453   0.971
 537   0.464   0.928
 538   0.438   1.08 
 539   0.375   1.03 
 540   0.390   1.06 
 541   0.422   1.00 
 542   0.377   0.932
 543   0.415   0.942
 544   0.344   0.953
 545   0.442   1.00 
 546   0.444   1.00 
 547   0.457   0.958
 548   0.456   0.946
 549   0.363   0.948
 550   0.446   0.945
 551   0.459   0.954
 552   0.440   0.986
 553   0.406   0.988
 554   0.429   0.947
 555   0.427   1.11 
 556   0.476   1.81 
 557   0.428   3.36 
 558   0.415   0.955
 559   0.446   3.38 
 560   0.468   1.04 
 561   0.455   2.34 
 562   0.408   1.04 
 563   0.424   1.10 
 564   0.374   0.948
 565   0.458   1.07 
 566   0.456   1.04 
 567   0.436   1.05 
 568   0.459   1.10 
 569   0.462   0.953
 570   0.325   0.958
 571   0.427   1.06 
 572   0.466   1.08 
 573   0.465   1.06 
 574   0.429   1.00 
 575   0.447   1.48 
 576   0.471   1.07 
 577   0.418   1.07 
 578   0.431   1.02 
 579   0.445   1.08 
 580   0.422   0.990
 581   0.377   1.08 
 582   0.428   1.08 
 583   0.419   1.09 
 584   0.411   1.11 
 585   0.448   1.10 
 586   0.463   0.968
 587   0.462   1.01 
 588   0.433   1.02 
 589   0.458   1.42 
 590   0.463   1.06 
 591   0.448   1.08 
 592   0.399   1.00 
 593   0.457   1.05 
 594   0.457   1.10 
 595   0.436   1.07 
 596   0.424   1.06 
 597   0.427   1.03 
 598   0.372   1.40 
 599   0.398   1.01 
 600   0.436   1.33 
 601   0.450   1.09 
 602   0.422   1.08 
 603   0.467   1.10 
 604   0.436   1.10 
 605   0.423   1.10 
 606   0.420   1.09 
 607   0.383   1.48 
 608   0.435   1.08 
 609   0.441   1.91 
 610   0.462   1.08 
 611   0.448   1.02 
 612   0.414   1.05 
 613   0.416   1.07 
 614   0.449   1.02 
 615   0.465   1.13 
 616   0.465   1.09 
 617   0.443   1.11 
 618   0.469   1.75 
 619   0.434   1.07 
 620   0.450   1.08 
 621   0.419   1.15 
 622   0.403   1.11 
 623   0.396   1.15 
 624   0.443   1.06 
 625   0.377   1.09 
 626   0.366   1.08 
 627   0.379   1.05 
 628   0.348   1.02 
 629   0.377   1.09 
 630   0.376   1.02 
 631   0.380   1.08 
 632   0.389   1.06 
 633   0.460   1.08 
 634   0.473   1.02 
 635   0.429   1.29 
 636   0.407   1.32 
 637   0.416   1.01 
 638   0.428   1.09 
 639   0.447   1.09 
 640   0.400   1.09 
 641   0.466   1.11 
 642   0.420   1.02 
 643   0.435   1.10 
 644   0.405   1.31 
 645   0.467   1.12 
 646   0.454   1.03 
 647   0.455   1.01 
 648   0.440   1.05 
 649   0.451   1.25 
 650   0.466   1.06 
 651   0.472   1.09 
 652   0.425   1.07 
 653   0.421   1.10 
 654   0.440   1.35 
 655   0.361   1.09 
 656   0.413   1.06 
 657   0.465   1.42 
 658   0.459   1.14 
 659   0.373   1.16 
 660   0.377   1.09 
 661   0.376   1.09 
 662   0.465   1.13 
 663   0.440   1.08 
 664   0.410   1.01 
 665   0.441   1.02 
 666   0.422   1.10 
 667   0.402   1.06 
 668   0.430   1.06 
 669   0.399   1.19 
 670   0.433   1.09 
 671   0.450   1.13 
 672   0.447   1.50 
 673   0.415   1.08 
 674   0.400   1.05 
 675   0.441   0.996
 676   0.438   1.09 
 677   0.395   1.06 
 678   0.398   1.15 
 679   0.383   1.04 
 680   0.405   1.10 
 681   0.460   1.04 
 682   0.364   1.15 
 683   0.459   1.09 
 684   0.453   1.08 
 685   0.371   1.04 
 686   0.361   1.07 
 687   0.374   1.10 
 688   0.386   1.10 
 689   0.362   3.53 
 690   0.367   1.04 
 691   0.385   1.08 
 692   0.398   1.07 
 693   0.465   1.41 
 694   0.384   1.45 
 695   0.440   1.06 
 696   0.422   1.02 
 697   0.426   1.13 
 698   0.375   1.10 
 699   0.418   1.10 
 700   0.453   1.21 
 701   0.467   1.09 
 702   0.448   1.06 
 703   0.439   1.09 
 704   0.461   1.05 
 705   0.392   1.07 
 706   0.452   1.01 
 707   0.451   1.07 
 708   0.414   1.08 
 709   0.397   1.08 
 710   0.465   1.07 
 711   0.451   1.09 
 712   0.436   1.08 
 713   0.440   1.05 
 714   0.395   1.39 
 715   0.472   1.07 
 716   0.318   1.01 
 717   0.449   1.08 
 718   0.439   1.07 
 719   0.433   1.07 
 720   0.371   1.07 
 721   0.462   1.08 
 722   0.389   1.53 
 723   0.443   1.10 
 724   0.449   1.09 
 725   0.433   1.03 
 726   0.434   1.08 
 727   0.448   1.07 
 728   0.449   1.06 
 729   0.417   1.07 
 730   0.430   7.74 
 731   0.396   1.07 
 732   0.409   1.00 
 733   0.450   1.09 
 734   0.436   1.06 
 735   0.470   1.07 
 736   0.484   1.07 
 737   0.360   0.961
 738   0.460   1.07 
 739   0.460   1.09 
 740   0.458   1.09 
 741   0.462   1.06 
 742   0.434   1.08 
 743   0.403   1.07 
 744   0.464   1.05 
 745   0.435   1.02 
 746   0.467   1.53 
 747   0.466   1.08 
 748   0.467   1.09 
 749   0.418   1.09 
 750   0.451   1.09 
 751   0.386   1.06 
 752   0.419   1.10 
 753   0.437   1.07 
 754   0.430   1.08 
 755   0.463   1.07 
 756   0.448   1.06 
 757   0.388   1.05 
 758   0.392   1.08 
 759   0.414   1.05 
 760   0.386   1.08 
 761   0.384   1.15 
 762   0.368   4.40 
 763   0.366   1.10 
 764   0.385   1.04 
 765   0.379   1.09 
 766   0.616   1.09 
 767   0.395   1.09 
 768   0.456   1.07 
 769   0.451   1.08 
 770   0.404   1.07 
 771   0.445   1.08 
 772   0.438   1.03 
 773   0.468   1.06 
 774   0.452   1.05 
 775   0.453   1.02 
 776   0.452   1.05 
 777   0.448   1.63 
 778   0.457   1.08 
 779   0.455   1.14 
 780   0.439   1.04 
 781   0.438   1.09 
 782   0.461   1.08 
 783   0.413   1.02 
 784   0.419   1.05 
 785   0.459   1.03 
 786   0.406   1.03 
 787   0.427   1.07 
 788   0.395   1.15 
 789   0.435   2.94 
 790   0.470   1.06 
 791   0.466   1.08 
 792   0.451   1.09 
 793   0.454   1.61 
 794   0.412   1.05 
 795   0.451   1.29 
 796   0.524   1.09 
 797   0.406   1.08 
 798   0.438   1.05 
 799   0.406   1.05 
 800   0.431   1.03 
 801   0.404   1.09 
 802   0.438   1.09 
 803   0.465   1.09 
 804   0.440   1.09 
 805   0.460   1.07 
 806   0.463   1.10 
 807   0.460   1.09 
 808   0.443   1.09 
 809   0.443   1.08 
 810   0.441   1.07 
 811   0.392   1.06 
 812   0.415   1.07 
 813   0.413   1.07 
 814   0.415   1.01 
 815   0.462   1.15 
 816   0.438   1.07 
 817   0.383   1.08 
 818   0.451   1.08 
 819   0.444   1.09 
 820   0.591   1.07 
 821   0.417   1.09 
 822   0.417   1.08 
 823   0.450   1.03 
 824   0.434   1.07 
 825   0.386   1.48 
 826   0.417   1.02 
 827   0.455   1.31 
 828   0.394   1.08 
 829   0.462   1.07 
 830   0.435   1.06 
 831   0.430   1.08 
 832   0.465   1.09 
 833   0.461   1.09 
 834   0.452   1.02 
 835   0.417   1.10 
 836   0.383   1.08 
 837   0.455   1.10 
 838   0.469   1.08 
 839   0.454   1.06 
 840   0.439   1.08 
 841   0.451   1.10 
 842   0.463   1.84 
 843   0.457   0.969
 844   0.416   1.08 
 845   0.447   1.06 
 846   0.441   1.06 
 847   0.418   1.09 
 848   0.446   1.00 
 849   0.440   1.08 
 850   0.456   1.08 
 851   0.446   1.08 
 852   0.469   2.06 
 853   0.460   1.08 
 854   0.454   1.04 
 855   0.457   0.961
 856   0.408   1.06 
 857   0.473   0.922
 858   0.444   1.02 
 859   0.465   1.05 
 860   0.439   1.06 
 861   0.431   3.96 
 862   0.440   2.42 
 863   0.424   1.00 
 864   0.420   0.981
 865   0.418   1.06 
 866   0.398   3.62 
 867   0.463   1.09 
 868   0.435   1.04 
 869   0.438   1.02 
 870   0.449   1.20 
 871   0.441   1.05 
 872   0.452   1.08 
 873   0.455   4.82 
 874   0.406   1.06 
 875   0.467   3.04 
 876   0.674   0.940
 877   0.434   1.06 
 878   0.438   0.934
 879   0.465   1.09 
 880   0.470   0.988
 881   0.413   1.03 
 882   0.413   1.01 
 883   0.464   0.949
 884   0.468   1.08 
 885   0.400   1.06 
 886   0.405   1.00 
 887   0.443   1.07 
 888   0.428   1.05 
 889   0.468   1.00 
 890   0.456   0.921
 891   0.456   1.01 
 892   0.431   2.11 
 893   0.463   0.940
 894   0.430   0.993
 895   0.359   0.886
 896   0.329   1.03 
 897   0.470   0.874
 898   0.423   0.927
 899   0.435   1.21 
 900   0.412   1.01 
 901   0.467   1.03 
 902   0.481   1.00 
 903   0.376   1.07 
 904   0.371   0.970
 905   0.461   1.05 
 906   0.332   1.03 
 907   0.435   7.51 
 908   0.414   1.09 
 909   0.462   0.980
 910   0.390   1.07 
 911   0.386   1.01 
 912   0.375   1.09 
 913   0.473   1.60 
 914   0.448   1.03 
 915   0.448   1.09 
 916   0.444   1.06 
 917   0.439   1.07 
 918   0.465   1.04 
 919   0.448   1.00 
 920   0.423   1.00 
 921   0.452   0.906
 922   0.424   1.51 
 923   0.466   2.89 
 924   0.454   1.41 
 925   0.414   1.53 
 926   0.441   1.09 
 927   0.461   1.58 
 928   0.361   1.00 
 929   0.358   1.00 
 930   0.367   1.06 
 931   0.369   1.05 
 932   0.352   1.04 
 933   0.564   1.06 
 934   0.464   1.00 
 935   0.452   1.01 
 936   0.451   1.13 
 937   0.431   1.09 
 938   0.463   1.07 
 939   0.392   1.08 
 940   0.469   2.44 
 941   0.397   1.02 
 942   0.454   0.952
 943   0.431   0.971
 944   0.405   1.08 
 945   0.426   1.06 
 946   0.416   1.04 
 947   0.448   1.03 
 948   0.454   1.08 
 949   0.388   1.13 
 950   0.460   1.08 
 951   0.400   1.03 
 952   0.439   0.936
 953   0.445   0.918
 954   0.444   0.982
 955   0.466   3.13 
 956   0.401   1.02 
 957   0.445   1.00 
 958   0.412   1.03 
 959   0.446   3.26 
 960   0.445   1.00 
 961   0.441   1.09 
 962   0.376   1.06 
 963   0.404   1.03 
 964   0.462   3.22 
 965   0.463   1.07 
 966   0.400   0.994
 967   0.411   1.02 
 968   0.443   6.59 
 969   0.512   1.01 
 970   0.437   1.08 
 971   0.443   1.36 
 972   0.449   1.00 
 973   0.425   3.20 
 974   0.431   1.08 
 975   0.417   1.08 
 976   0.446   1.32 
 977   0.453   2.75 
 978   0.471   1.00 
 979   0.448   1.03 
 980   0.490   1.06 
 981   0.492   1.16 
 982   0.419   3.46 
 983   0.498   1.05 
 984   0.439   1.07 
 985   0.487   1.08 
 986   0.499   5.08 
 987   0.475   1.08 
 988   0.467   1.07 
 989   0.501   1.05 
 990   0.490   1.05 
 991   0.487   3.43 
 992   0.501   1.04 
 993   0.416   1.50 
 994   0.437   1.08 
 995   0.459   2.49 
 996   0.460   1.82 
 997   0.424   1.94 
 998   0.461   2.13 
 999   0.464   2.21 
1000   0.471   1.37 
