   1  0.305   0.874
   2  0.311   0.886
   3  0.313   0.903
   4  0.318   0.906
   5  0.321   0.907
   6  0.325   0.918
   7  0.325   0.918
   8  0.326   0.921
   9  0.329   0.922
  10  0.331   0.924
  11  0.332   0.925
  12  0.335   0.927
  13  0.344   0.928
  14  0.348   0.930
  15  0.352   0.932
  16  0.353   0.934
  17  0.356   0.936
  18  0.357   0.936
  19  0.357   0.938
  20  0.358   0.938
  21  0.358   0.938
  22  0.359   0.938
  23  0.360   0.940
  24  0.361   0.940
  25  0.361   0.942
  26  0.361   0.942
  27  0.362   0.945
  28  0.363   0.946
  29  0.364   0.946
  30  0.364   0.947
  31  0.366   0.948
  32  0.366   0.948
  33  0.366   0.948
  34  0.367   0.949
  35  0.367   0.951
  36  0.368   0.952
  37  0.369   0.953
  38  0.370   0.953
  39  0.370   0.954
  40  0.370   0.955
  41  0.370   0.958
  42  0.371   0.958
  43  0.371   0.959
  44  0.371   0.961
  45  0.371   0.961
  46  0.371   0.962
  47  0.371   0.962
  48  0.372   0.963
  49  0.373   0.964
  50  0.373   0.965
  51  0.374   0.966
  52  0.374   0.966
  53  0.374   0.968
  54  0.374   0.969
  55  0.375   0.970
  56  0.375   0.971
  57  0.375   0.971
  58  0.375   0.972
  59  0.376   0.972
  60  0.376   0.972
  61  0.376   0.973
  62  0.376   0.974
  63  0.377   0.974
  64  0.377   0.974
  65  0.377   0.975
  66  0.377   0.975
  67  0.377   0.976
  68  0.377   0.977
  69  0.379   0.979
  70  0.379   0.980
  71  0.379   0.980
  72  0.379   0.981
  73  0.380   0.982
  74  0.381   0.984
  75  0.382   0.986
  76  0.383   0.988
  77  0.383   0.988
  78  0.383   0.989
  79  0.383   0.990
  80  0.383   0.990
  81  0.383   0.992
  82  0.384   0.992
  83  0.384   0.993
  84  0.384   0.994
  85  0.384   0.996
  86  0.384   0.996
  87  0.385   0.997
  88  0.385   0.998
  89  0.385   0.998
  90  0.385   0.999
  91  0.386   0.999
  92  0.386   1.00 
  93  0.386   1.00 
  94  0.386   1.00 
  95  0.386   1.00 
  96  0.386   1.00 
  97  0.386   1.00 
  98  0.386   1.00 
  99  0.387   1.00 
 100  0.388   1.00 
 101  0.388   1.00 
 102  0.388   1.00 
 103  0.389   1.00 
 104  0.389   1.00 
 105  0.389   1.00 
 106  0.389   1.00 
 107  0.389   1.00 
 108  0.389   1.00 
 109  0.390   1.00 
 110  0.390   1.00 
 111  0.390   1.00 
 112  0.390   1.00 
 113  0.391   1.00 
 114  0.392   1.00 
 115  0.392   1.00 
 116  0.392   1.00 
 117  0.392   1.00 
 118  0.392   1.00 
 119  0.392   1.00 
 120  0.392   1.00 
 121  0.393   1.01 
 122  0.393   1.01 
 123  0.393   1.01 
 124  0.393   1.01 
 125  0.393   1.01 
 126  0.394   1.01 
 127  0.394   1.01 
 128  0.394   1.01 
 129  0.394   1.01 
 130  0.394   1.01 
 131  0.395   1.01 
 132  0.395   1.01 
 133  0.395   1.01 
 134  0.395   1.01 
 135  0.395   1.01 
 136  0.395   1.01 
 137  0.395   1.01 
 138  0.395   1.01 
 139  0.395   1.01 
 140  0.395   1.01 
 141  0.396   1.01 
 142  0.396   1.01 
 143  0.396   1.01 
 144  0.397   1.01 
 145  0.397   1.01 
 146  0.397   1.01 
 147  0.397   1.01 
 148  0.397   1.01 
 149  0.397   1.01 
 150  0.397   1.01 
 151  0.397   1.01 
 152  0.398   1.01 
 153  0.398   1.02 
 154  0.398   1.02 
 155  0.398   1.02 
 156  0.398   1.02 
 157  0.398   1.02 
 158  0.398   1.02 
 159  0.398   1.02 
 160  0.398   1.02 
 161  0.399   1.02 
 162  0.399   1.02 
 163  0.400   1.02 
 164  0.400   1.02 
 165  0.400   1.02 
 166  0.400   1.02 
 167  0.400   1.02 
 168  0.400   1.02 
 169  0.400   1.02 
 170  0.401   1.02 
 171  0.401   1.02 
 172  0.401   1.02 
 173  0.401   1.02 
 174  0.401   1.02 
 175  0.401   1.02 
 176  0.402   1.02 
 177  0.402   1.02 
 178  0.402   1.02 
 179  0.403   1.02 
 180  0.403   1.02 
 181  0.403   1.02 
 182  0.403   1.03 
 183  0.403   1.03 
 184  0.404   1.03 
 185  0.404   1.03 
 186  0.404   1.03 
 187  0.404   1.03 
 188  0.405   1.03 
 189  0.405   1.03 
 190  0.405   1.03 
 191  0.405   1.03 
 192  0.405   1.03 
 193  0.405   1.03 
 194  0.406   1.03 
 195  0.406   1.03 
 196  0.406   1.03 
 197  0.406   1.03 
 198  0.406   1.03 
 199  0.406   1.03 
 200  0.406   1.03 
 201  0.406   1.03 
 202  0.407   1.03 
 203  0.407   1.03 
 204  0.407   1.03 
 205  0.407   1.03 
 206  0.407   1.03 
 207  0.408   1.03 
 208  0.408   1.03 
 209  0.408   1.03 
 210  0.408   1.03 
 211  0.409   1.03 
 212  0.409   1.03 
 213  0.409   1.03 
 214  0.409   1.03 
 215  0.409   1.03 
 216  0.409   1.04 
 217  0.410   1.04 
 218  0.410   1.04 
 219  0.410   1.04 
 220  0.410   1.04 
 221  0.411   1.04 
 222  0.411   1.04 
 223  0.411   1.04 
 224  0.411   1.04 
 225  0.411   1.04 
 226  0.411   1.04 
 227  0.412   1.04 
 228  0.412   1.04 
 229  0.412   1.04 
 230  0.412   1.04 
 231  0.412   1.04 
 232  0.412   1.04 
 233  0.412   1.04 
 234  0.412   1.04 
 235  0.413   1.04 
 236  0.413   1.04 
 237  0.413   1.04 
 238  0.413   1.04 
 239  0.413   1.04 
 240  0.413   1.05 
 241  0.413   1.05 
 242  0.413   1.05 
 243  0.413   1.05 
 244  0.414   1.05 
 245  0.414   1.05 
 246  0.414   1.05 
 247  0.414   1.05 
 248  0.414   1.05 
 249  0.414   1.05 
 250  0.414   1.05 
 251  0.414   1.05 
 252  0.414   1.05 
 253  0.414   1.05 
 254  0.414   1.05 
 255  0.415   1.05 
 256  0.415   1.05 
 257  0.415   1.05 
 258  0.415   1.05 
 259  0.415   1.05 
 260  0.415   1.05 
 261  0.415   1.05 
 262  0.415   1.05 
 263  0.415   1.05 
 264  0.415   1.05 
 265  0.416   1.05 
 266  0.416   1.05 
 267  0.416   1.05 
 268  0.416   1.05 
 269  0.416   1.05 
 270  0.416   1.05 
 271  0.416   1.05 
 272  0.416   1.05 
 273  0.416   1.05 
 274  0.416   1.05 
 275  0.417   1.05 
 276  0.417   1.05 
 277  0.417   1.05 
 278  0.417   1.05 
 279  0.417   1.05 
 280  0.417   1.05 
 281  0.417   1.05 
 282  0.417   1.05 
 283  0.417   1.05 
 284  0.417   1.05 
 285  0.417   1.05 
 286  0.418   1.05 
 287  0.418   1.06 
 288  0.418   1.06 
 289  0.418   1.06 
 290  0.418   1.06 
 291  0.418   1.06 
 292  0.418   1.06 
 293  0.418   1.06 
 294  0.418   1.06 
 295  0.418   1.06 
 296  0.418   1.06 
 297  0.418   1.06 
 298  0.419   1.06 
 299  0.419   1.06 
 300  0.419   1.06 
 301  0.419   1.06 
 302  0.419   1.06 
 303  0.419   1.06 
 304  0.419   1.06 
 305  0.419   1.06 
 306  0.419   1.06 
 307  0.419   1.06 
 308  0.419   1.06 
 309  0.419   1.06 
 310  0.419   1.06 
 311  0.420   1.06 
 312  0.420   1.06 
 313  0.420   1.06 
 314  0.420   1.06 
 315  0.420   1.06 
 316  0.420   1.06 
 317  0.420   1.06 
 318  0.420   1.06 
 319  0.420   1.06 
 320  0.420   1.06 
 321  0.420   1.06 
 322  0.421   1.06 
 323  0.421   1.06 
 324  0.421   1.06 
 325  0.421   1.06 
 326  0.422   1.06 
 327  0.422   1.06 
 328  0.422   1.06 
 329  0.422   1.06 
 330  0.422   1.06 
 331  0.422   1.06 
 332  0.422   1.06 
 333  0.422   1.06 
 334  0.422   1.06 
 335  0.422   1.06 
 336  0.422   1.06 
 337  0.423   1.06 
 338  0.423   1.06 
 339  0.423   1.06 
 340  0.423   1.06 
 341  0.423   1.06 
 342  0.424   1.06 
 343  0.424   1.06 
 344  0.424   1.06 
 345  0.424   1.06 
 346  0.424   1.06 
 347  0.424   1.06 
 348  0.424   1.06 
 349  0.425   1.06 
 350  0.425   1.06 
 351  0.425   1.06 
 352  0.425   1.06 
 353  0.425   1.06 
 354  0.425   1.06 
 355  0.425   1.06 
 356  0.425   1.06 
 357  0.425   1.06 
 358  0.425   1.06 
 359  0.425   1.06 
 360  0.425   1.06 
 361  0.426   1.06 
 362  0.426   1.06 
 363  0.426   1.06 
 364  0.426   1.06 
 365  0.426   1.06 
 366  0.426   1.06 
 367  0.426   1.06 
 368  0.426   1.06 
 369  0.427   1.06 
 370  0.427   1.06 
 371  0.427   1.06 
 372  0.427   1.06 
 373  0.427   1.06 
 374  0.427   1.06 
 375  0.427   1.06 
 376  0.427   1.06 
 377  0.427   1.06 
 378  0.427   1.07 
 379  0.427   1.07 
 380  0.427   1.07 
 381  0.427   1.07 
 382  0.428   1.07 
 383  0.428   1.07 
 384  0.428   1.07 
 385  0.428   1.07 
 386  0.428   1.07 
 387  0.428   1.07 
 388  0.428   1.07 
 389  0.428   1.07 
 390  0.428   1.07 
 391  0.429   1.07 
 392  0.429   1.07 
 393  0.429   1.07 
 394  0.429   1.07 
 395  0.429   1.07 
 396  0.429   1.07 
 397  0.429   1.07 
 398  0.429   1.07 
 399  0.429   1.07 
 400  0.429   1.07 
 401  0.429   1.07 
 402  0.429   1.07 
 403  0.429   1.07 
 404  0.429   1.07 
 405  0.430   1.07 
 406  0.430   1.07 
 407  0.430   1.07 
 408  0.430   1.07 
 409  0.430   1.07 
 410  0.430   1.07 
 411  0.430   1.07 
 412  0.430   1.07 
 413  0.430   1.07 
 414  0.430   1.07 
 415  0.431   1.07 
 416  0.431   1.07 
 417  0.431   1.07 
 418  0.431   1.07 
 419  0.431   1.07 
 420  0.431   1.07 
 421  0.431   1.07 
 422  0.431   1.07 
 423  0.431   1.07 
 424  0.432   1.07 
 425  0.432   1.07 
 426  0.432   1.07 
 427  0.432   1.07 
 428  0.432   1.07 
 429  0.432   1.07 
 430  0.432   1.07 
 431  0.433   1.07 
 432  0.433   1.07 
 433  0.433   1.07 
 434  0.433   1.07 
 435  0.433   1.07 
 436  0.433   1.07 
 437  0.433   1.07 
 438  0.433   1.07 
 439  0.433   1.07 
 440  0.433   1.07 
 441  0.433   1.07 
 442  0.433   1.07 
 443  0.434   1.07 
 444  0.434   1.07 
 445  0.434   1.07 
 446  0.434   1.07 
 447  0.434   1.07 
 448  0.434   1.07 
 449  0.434   1.07 
 450  0.434   1.07 
 451  0.434   1.07 
 452  0.434   1.07 
 453  0.434   1.07 
 454  0.434   1.07 
 455  0.434   1.07 
 456  0.435   1.07 
 457  0.435   1.07 
 458  0.435   1.07 
 459  0.435   1.07 
 460  0.435   1.07 
 461  0.435   1.07 
 462  0.435   1.07 
 463  0.435   1.07 
 464  0.435   1.07 
 465  0.435   1.07 
 466  0.435   1.07 
 467  0.435   1.07 
 468  0.436   1.07 
 469  0.436   1.07 
 470  0.436   1.07 
 471  0.436   1.07 
 472  0.436   1.07 
 473  0.436   1.07 
 474  0.436   1.07 
 475  0.436   1.07 
 476  0.436   1.07 
 477  0.436   1.07 
 478  0.436   1.07 
 479  0.436   1.07 
 480  0.436   1.07 
 481  0.437   1.07 
 482  0.437   1.07 
 483  0.437   1.07 
 484  0.437   1.07 
 485  0.437   1.07 
 486  0.437   1.07 
 487  0.437   1.07 
 488  0.437   1.07 
 489  0.437   1.07 
 490  0.437   1.07 
 491  0.437   1.07 
 492  0.437   1.07 
 493  0.437   1.07 
 494  0.437   1.07 
 495  0.437   1.08 
 496  0.438   1.08 
 497  0.438   1.08 
 498  0.438   1.08 
 499  0.438   1.08 
 500  0.438   1.08 
 501  0.438   1.08 
 502  0.438   1.08 
 503  0.438   1.08 
 504  0.438   1.08 
 505  0.438   1.08 
 506  0.438   1.08 
 507  0.438   1.08 
 508  0.438   1.08 
 509  0.438   1.08 
 510  0.439   1.08 
 511  0.439   1.08 
 512  0.439   1.08 
 513  0.439   1.08 
 514  0.439   1.08 
 515  0.439   1.08 
 516  0.439   1.08 
 517  0.439   1.08 
 518  0.439   1.08 
 519  0.439   1.08 
 520  0.439   1.08 
 521  0.439   1.08 
 522  0.439   1.08 
 523  0.439   1.08 
 524  0.439   1.08 
 525  0.439   1.08 
 526  0.440   1.08 
 527  0.440   1.08 
 528  0.440   1.08 
 529  0.440   1.08 
 530  0.440   1.08 
 531  0.440   1.08 
 532  0.440   1.08 
 533  0.440   1.08 
 534  0.440   1.08 
 535  0.440   1.08 
 536  0.440   1.08 
 537  0.440   1.08 
 538  0.440   1.08 
 539  0.440   1.08 
 540  0.441   1.08 
 541  0.441   1.08 
 542  0.441   1.08 
 543  0.441   1.08 
 544  0.441   1.08 
 545  0.441   1.08 
 546  0.441   1.08 
 547  0.441   1.08 
 548  0.441   1.08 
 549  0.441   1.08 
 550  0.441   1.08 
 551  0.441   1.08 
 552  0.441   1.08 
 553  0.441   1.08 
 554  0.441   1.08 
 555  0.441   1.08 
 556  0.441   1.08 
 557  0.441   1.08 
 558  0.441   1.08 
 559  0.441   1.08 
 560  0.442   1.08 
 561  0.442   1.08 
 562  0.442   1.08 
 563  0.442   1.08 
 564  0.442   1.08 
 565  0.442   1.08 
 566  0.442   1.08 
 567  0.442   1.08 
 568  0.442   1.08 
 569  0.442   1.08 
 570  0.443   1.08 
 571  0.443   1.08 
 572  0.443   1.08 
 573  0.443   1.08 
 574  0.443   1.08 
 575  0.443   1.08 
 576  0.443   1.08 
 577  0.443   1.08 
 578  0.443   1.08 
 579  0.443   1.08 
 580  0.443   1.08 
 581  0.443   1.08 
 582  0.443   1.08 
 583  0.443   1.08 
 584  0.443   1.08 
 585  0.444   1.08 
 586  0.444   1.08 
 587  0.444   1.08 
 588  0.444   1.08 
 589  0.444   1.08 
 590  0.444   1.08 
 591  0.444   1.08 
 592  0.444   1.08 
 593  0.444   1.08 
 594  0.444   1.08 
 595  0.444   1.08 
 596  0.444   1.08 
 597  0.445   1.08 
 598  0.445   1.08 
 599  0.445   1.08 
 600  0.445   1.08 
 601  0.445   1.08 
 602  0.445   1.08 
 603  0.445   1.08 
 604  0.445   1.08 
 605  0.445   1.08 
 606  0.445   1.08 
 607  0.446   1.08 
 608  0.446   1.08 
 609  0.446   1.08 
 610  0.446   1.08 
 611  0.446   1.08 
 612  0.446   1.08 
 613  0.446   1.08 
 614  0.446   1.08 
 615  0.446   1.08 
 616  0.446   1.08 
 617  0.446   1.08 
 618  0.446   1.08 
 619  0.447   1.08 
 620  0.447   1.08 
 621  0.447   1.08 
 622  0.447   1.08 
 623  0.447   1.08 
 624  0.447   1.08 
 625  0.447   1.08 
 626  0.447   1.08 
 627  0.447   1.08 
 628  0.447   1.08 
 629  0.447   1.08 
 630  0.447   1.08 
 631  0.447   1.08 
 632  0.448   1.08 
 633  0.448   1.08 
 634  0.448   1.08 
 635  0.448   1.08 
 636  0.448   1.08 
 637  0.448   1.08 
 638  0.448   1.08 
 639  0.448   1.08 
 640  0.448   1.08 
 641  0.448   1.08 
 642  0.448   1.08 
 643  0.448   1.09 
 644  0.448   1.09 
 645  0.448   1.09 
 646  0.448   1.09 
 647  0.448   1.09 
 648  0.448   1.09 
 649  0.448   1.09 
 650  0.448   1.09 
 651  0.449   1.09 
 652  0.449   1.09 
 653  0.449   1.09 
 654  0.449   1.09 
 655  0.449   1.09 
 656  0.449   1.09 
 657  0.449   1.09 
 658  0.449   1.09 
 659  0.449   1.09 
 660  0.449   1.09 
 661  0.449   1.09 
 662  0.449   1.09 
 663  0.449   1.09 
 664  0.449   1.09 
 665  0.449   1.09 
 666  0.449   1.09 
 667  0.449   1.09 
 668  0.449   1.09 
 669  0.449   1.09 
 670  0.450   1.09 
 671  0.450   1.09 
 672  0.450   1.09 
 673  0.450   1.09 
 674  0.450   1.09 
 675  0.450   1.09 
 676  0.450   1.09 
 677  0.450   1.09 
 678  0.450   1.09 
 679  0.450   1.09 
 680  0.450   1.09 
 681  0.450   1.09 
 682  0.450   1.09 
 683  0.450   1.09 
 684  0.451   1.09 
 685  0.451   1.09 
 686  0.451   1.09 
 687  0.451   1.09 
 688  0.451   1.09 
 689  0.451   1.09 
 690  0.451   1.09 
 691  0.451   1.09 
 692  0.451   1.09 
 693  0.451   1.09 
 694  0.451   1.09 
 695  0.451   1.09 
 696  0.451   1.09 
 697  0.451   1.09 
 698  0.451   1.09 
 699  0.451   1.09 
 700  0.451   1.09 
 701  0.451   1.09 
 702  0.452   1.09 
 703  0.452   1.09 
 704  0.452   1.09 
 705  0.452   1.09 
 706  0.452   1.09 
 707  0.452   1.09 
 708  0.452   1.09 
 709  0.452   1.09 
 710  0.452   1.09 
 711  0.452   1.09 
 712  0.452   1.09 
 713  0.452   1.09 
 714  0.452   1.09 
 715  0.453   1.09 
 716  0.453   1.09 
 717  0.453   1.09 
 718  0.453   1.09 
 719  0.453   1.09 
 720  0.453   1.09 
 721  0.453   1.09 
 722  0.453   1.09 
 723  0.453   1.09 
 724  0.453   1.09 
 725  0.453   1.09 
 726  0.454   1.09 
 727  0.454   1.09 
 728  0.454   1.09 
 729  0.454   1.09 
 730  0.454   1.09 
 731  0.454   1.09 
 732  0.454   1.09 
 733  0.454   1.09 
 734  0.454   1.09 
 735  0.454   1.09 
 736  0.455   1.09 
 737  0.455   1.09 
 738  0.455   1.09 
 739  0.455   1.09 
 740  0.455   1.09 
 741  0.455   1.09 
 742  0.455   1.09 
 743  0.455   1.09 
 744  0.455   1.09 
 745  0.455   1.09 
 746  0.455   1.09 
 747  0.455   1.09 
 748  0.455   1.09 
 749  0.455   1.09 
 750  0.455   1.09 
 751  0.455   1.09 
 752  0.455   1.09 
 753  0.455   1.09 
 754  0.455   1.09 
 755  0.455   1.09 
 756  0.456   1.09 
 757  0.456   1.10 
 758  0.456   1.10 
 759  0.456   1.10 
 760  0.456   1.10 
 761  0.456   1.10 
 762  0.456   1.10 
 763  0.456   1.10 
 764  0.456   1.10 
 765  0.456   1.10 
 766  0.456   1.10 
 767  0.456   1.10 
 768  0.456   1.10 
 769  0.456   1.10 
 770  0.456   1.10 
 771  0.456   1.10 
 772  0.456   1.10 
 773  0.456   1.10 
 774  0.457   1.10 
 775  0.457   1.10 
 776  0.457   1.10 
 777  0.457   1.10 
 778  0.457   1.10 
 779  0.457   1.10 
 780  0.457   1.10 
 781  0.457   1.10 
 782  0.457   1.10 
 783  0.457   1.10 
 784  0.457   1.10 
 785  0.457   1.10 
 786  0.457   1.10 
 787  0.458   1.10 
 788  0.458   1.10 
 789  0.458   1.10 
 790  0.458   1.10 
 791  0.458   1.10 
 792  0.458   1.10 
 793  0.458   1.10 
 794  0.458   1.10 
 795  0.459   1.10 
 796  0.459   1.10 
 797  0.459   1.10 
 798  0.459   1.10 
 799  0.459   1.10 
 800  0.459   1.10 
 801  0.459   1.10 
 802  0.459   1.10 
 803  0.459   1.11 
 804  0.459   1.11 
 805  0.459   1.11 
 806  0.459   1.11 
 807  0.459   1.11 
 808  0.459   1.11 
 809  0.460   1.11 
 810  0.460   1.11 
 811  0.460   1.11 
 812  0.460   1.11 
 813  0.460   1.11 
 814  0.460   1.12 
 815  0.460   1.12 
 816  0.460   1.12 
 817  0.460   1.12 
 818  0.460   1.12 
 819  0.460   1.12 
 820  0.460   1.13 
 821  0.460   1.13 
 822  0.461   1.13 
 823  0.461   1.13 
 824  0.461   1.13 
 825  0.461   1.13 
 826  0.461   1.13 
 827  0.461   1.13 
 828  0.461   1.13 
 829  0.461   1.13 
 830  0.461   1.13 
 831  0.461   1.13 
 832  0.461   1.14 
 833  0.461   1.14 
 834  0.461   1.14 
 835  0.461   1.14 
 836  0.461   1.15 
 837  0.462   1.15 
 838  0.462   1.15 
 839  0.462   1.15 
 840  0.462   1.15 
 841  0.462   1.15 
 842  0.462   1.15 
 843  0.462   1.15 
 844  0.462   1.16 
 845  0.462   1.16 
 846  0.462   1.16 
 847  0.462   1.18 
 848  0.462   1.18 
 849  0.462   1.18 
 850  0.462   1.18 
 851  0.462   1.19 
 852  0.462   1.19 
 853  0.462   1.20 
 854  0.462   1.21 
 855  0.462   1.21 
 856  0.462   1.21 
 857  0.462   1.24 
 858  0.463   1.25 
 859  0.463   1.25 
 860  0.463   1.27 
 861  0.463   1.28 
 862  0.463   1.29 
 863  0.463   1.29 
 864  0.463   1.31 
 865  0.463   1.31 
 866  0.463   1.32 
 867  0.463   1.32 
 868  0.463   1.33 
 869  0.463   1.33 
 870  0.463   1.33 
 871  0.463   1.34 
 872  0.463   1.34 
 873  0.463   1.34 
 874  0.463   1.35 
 875  0.464   1.36 
 876  0.464   1.37 
 877  0.464   1.38 
 878  0.464   1.39 
 879  0.464   1.39 
 880  0.464   1.39 
 881  0.464   1.40 
 882  0.464   1.40 
 883  0.464   1.41 
 884  0.464   1.41 
 885  0.464   1.42 
 886  0.464   1.42 
 887  0.464   1.45 
 888  0.465   1.45 
 889  0.465   1.45 
 890  0.465   1.45 
 891  0.465   1.46 
 892  0.465   1.48 
 893  0.465   1.48 
 894  0.465   1.48 
 895  0.465   1.48 
 896  0.465   1.50 
 897  0.465   1.50 
 898  0.465   1.51 
 899  0.465   1.51 
 900  0.465   1.52 
 901  0.465   1.52 
 902  0.465   1.53 
 903  0.465   1.53 
 904  0.465   1.53 
 905  0.465   1.56 
 906  0.465   1.58 
 907  0.465   1.59 
 908  0.465   1.60 
 909  0.465   1.60 
 910  0.465   1.61 
 911  0.465   1.63 
 912  0.466   1.64 
 913  0.466   1.65 
 914  0.466   1.65 
 915  0.466   1.66 
 916  0.466   1.67 
 917  0.466   1.67 
 918  0.466   1.68 
 919  0.466   1.68 
 920  0.466   1.69 
 921  0.466   1.72 
 922  0.466   1.73 
 923  0.466   1.75 
 924  0.466   1.75 
 925  0.466   1.78 
 926  0.466   1.81 
 927  0.467   1.82 
 928  0.467   1.84 
 929  0.467   1.84 
 930  0.467   1.89 
 931  0.467   1.91 
 932  0.467   1.94 
 933  0.467   1.95 
 934  0.467   2.06 
 935  0.467   2.08 
 936  0.467   2.11 
 937  0.467   2.11 
 938  0.467   2.13 
 939  0.467   2.13 
 940  0.467   2.19 
 941  0.468   2.21 
 942  0.468   2.22 
 943  0.468   2.22 
 944  0.468   2.26 
 945  0.469   2.27 
 946  0.469   2.34 
 947  0.469   2.38 
 948  0.469   2.38 
 949  0.469   2.42 
 950  0.469   2.42 
 951  0.469   2.44 
 952  0.469   2.49 
 953  0.469   2.53 
 954  0.470   2.64 
 955  0.470   2.75 
 956  0.470   2.75 
 957  0.470   2.78 
 958  0.470   2.82 
 959  0.471   2.84 
 960  0.471   2.85 
 961  0.471   2.88 
 962  0.472   2.89 
 963  0.472   2.94 
 964  0.473   3.02 
 965  0.473   3.04 
 966  0.473   3.11 
 967  0.473   3.13 
 968  0.473   3.20 
 969  0.473   3.22 
 970  0.473   3.26 
 971  0.474   3.26 
 972  0.475   3.36 
 973  0.476   3.38 
 974  0.477   3.40 
 975  0.481   3.43 
 976  0.481   3.46 
 977  0.483   3.53 
 978  0.484   3.55 
 979  0.487   3.57 
 980  0.487   3.62 
 981  0.490   3.74 
 982  0.490   3.76 
 983  0.492   3.96 
 984  0.492   3.96 
 985  0.493   4.33 
 986  0.498   4.40 
 987  0.499   4.52 
 988  0.501   4.68 
 989  0.501   4.77 
 990  0.506   4.82 
 991  0.507   5.08 
 992  0.512   5.26 
 993  0.524   6.59 
 994  0.538   6.85 
 995  0.543   7.51 
 996  0.564   7.74 
 997  0.591   7.92 
 998  0.616   8.27 
 999  0.622   10.6 
1000  0.674   10.6 
