0.305   0.874
0.311   0.886
0.313   0.903
0.318   0.906
0.321   0.907
0.325   0.918
0.325   0.918
0.326   0.921
0.329   0.922
0.331   0.924
0.332   0.925
0.335   0.927
0.344   0.928
0.348   0.930
0.352   0.932
0.353   0.934
0.356   0.936
0.357   0.936
0.357   0.938
0.358   0.938
0.358   0.938
0.359   0.938
0.360   0.940
0.361   0.940
0.361   0.942
0.361   0.942
0.362   0.945
0.363   0.946
0.364   0.946
0.364   0.947
0.366   0.948
0.366   0.948
0.366   0.948
0.367   0.949
0.367   0.951
0.368   0.952
0.369   0.953
0.370   0.953
0.370   0.954
0.370   0.955
0.370   0.958
0.371   0.958
0.371   0.959
0.371   0.961
0.371   0.961
0.371   0.962
0.371   0.962
0.372   0.963
0.373   0.964
0.373   0.965
0.374   0.966
0.374   0.966
0.374   0.968
0.374   0.969
0.375   0.970
0.375   0.971
0.375   0.971
0.375   0.972
0.376   0.972
0.376   0.972
0.376   0.973
0.376   0.974
0.377   0.974
0.377   0.974
0.377   0.975
0.377   0.975
0.377   0.976
0.377   0.977
0.379   0.979
0.379   0.980
0.379   0.980
0.379   0.981
0.380   0.982
0.381   0.984
0.382   0.986
0.383   0.988
0.383   0.988
0.383   0.989
0.383   0.990
0.383   0.990
0.383   0.992
0.384   0.992
0.384   0.993
0.384   0.994
0.384   0.996
0.384   0.996
0.385   0.997
0.385   0.998
0.385   0.998
0.385   0.999
0.386   0.999
0.386   1.00 
0.386   1.00 
0.386   1.00 
0.386   1.00 
0.386   1.00 
0.386   1.00 
0.386   1.00 
0.387   1.00 
0.388   1.00 
0.388   1.00 
0.388   1.00 
0.389   1.00 
0.389   1.00 
0.389   1.00 
0.389   1.00 
0.389   1.00 
0.389   1.00 
0.390   1.00 
0.390   1.00 
0.390   1.00 
0.390   1.00 
0.391   1.00 
0.392   1.00 
0.392   1.00 
0.392   1.00 
0.392   1.00 
0.392   1.00 
0.392   1.00 
0.392   1.00 
0.393   1.01 
0.393   1.01 
0.393   1.01 
0.393   1.01 
0.393   1.01 
0.394   1.01 
0.394   1.01 
0.394   1.01 
0.394   1.01 
0.394   1.01 
0.395   1.01 
0.395   1.01 
0.395   1.01 
0.395   1.01 
0.395   1.01 
0.395   1.01 
0.395   1.01 
0.395   1.01 
0.395   1.01 
0.395   1.01 
0.396   1.01 
0.396   1.01 
0.396   1.01 
0.397   1.01 
0.397   1.01 
0.397   1.01 
0.397   1.01 
0.397   1.01 
0.397   1.01 
0.397   1.01 
0.397   1.01 
0.398   1.01 
0.398   1.02 
0.398   1.02 
0.398   1.02 
0.398   1.02 
0.398   1.02 
0.398   1.02 
0.398   1.02 
0.398   1.02 
0.399   1.02 
0.399   1.02 
0.400   1.02 
0.400   1.02 
0.400   1.02 
0.400   1.02 
0.400   1.02 
0.400   1.02 
0.400   1.02 
0.401   1.02 
0.401   1.02 
0.401   1.02 
0.401   1.02 
0.401   1.02 
0.401   1.02 
0.402   1.02 
0.402   1.02 
0.402   1.02 
0.403   1.02 
0.403   1.02 
0.403   1.02 
0.403   1.03 
0.403   1.03 
0.404   1.03 
0.404   1.03 
0.404   1.03 
0.404   1.03 
0.405   1.03 
0.405   1.03 
0.405   1.03 
0.405   1.03 
0.405   1.03 
0.405   1.03 
0.406   1.03 
0.406   1.03 
0.406   1.03 
0.406   1.03 
0.406   1.03 
0.406   1.03 
0.406   1.03 
0.406   1.03 
0.407   1.03 
0.407   1.03 
0.407   1.03 
0.407   1.03 
0.407   1.03 
0.408   1.03 
0.408   1.03 
0.408   1.03 
0.408   1.03 
0.409   1.03 
0.409   1.03 
0.409   1.03 
0.409   1.03 
0.409   1.03 
0.409   1.04 
0.410   1.04 
0.410   1.04 
0.410   1.04 
0.410   1.04 
0.411   1.04 
0.411   1.04 
0.411   1.04 
0.411   1.04 
0.411   1.04 
0.411   1.04 
0.412   1.04 
0.412   1.04 
0.412   1.04 
0.412   1.04 
0.412   1.04 
0.412   1.04 
0.412   1.04 
0.412   1.04 
0.413   1.04 
0.413   1.04 
0.413   1.04 
0.413   1.04 
0.413   1.04 
0.413   1.05 
0.413   1.05 
0.413   1.05 
0.413   1.05 
0.414   1.05 
0.414   1.05 
0.414   1.05 
0.414   1.05 
0.414   1.05 
0.414   1.05 
0.414   1.05 
0.414   1.05 
0.414   1.05 
0.414   1.05 
0.414   1.05 
0.415   1.05 
0.415   1.05 
0.415   1.05 
0.415   1.05 
0.415   1.05 
0.415   1.05 
0.415   1.05 
0.415   1.05 
0.415   1.05 
0.415   1.05 
0.416   1.05 
0.416   1.05 
0.416   1.05 
0.416   1.05 
0.416   1.05 
0.416   1.05 
0.416   1.05 
0.416   1.05 
0.416   1.05 
0.416   1.05 
0.417   1.05 
0.417   1.05 
0.417   1.05 
0.417   1.05 
0.417   1.05 
0.417   1.05 
0.417   1.05 
0.417   1.05 
0.417   1.05 
0.417   1.05 
0.417   1.05 
0.418   1.05 
0.418   1.06 
0.418   1.06 
0.418   1.06 
0.418   1.06 
0.418   1.06 
0.418   1.06 
0.418   1.06 
0.418   1.06 
0.418   1.06 
0.418   1.06 
0.418   1.06 
0.419   1.06 
0.419   1.06 
0.419   1.06 
0.419   1.06 
0.419   1.06 
0.419   1.06 
0.419   1.06 
0.419   1.06 
0.419   1.06 
0.419   1.06 
0.419   1.06 
0.419   1.06 
0.419   1.06 
0.420   1.06 
0.420   1.06 
0.420   1.06 
0.420   1.06 
0.420   1.06 
0.420   1.06 
0.420   1.06 
0.420   1.06 
0.420   1.06 
0.420   1.06 
0.420   1.06 
0.421   1.06 
0.421   1.06 
0.421   1.06 
0.421   1.06 
0.422   1.06 
0.422   1.06 
0.422   1.06 
0.422   1.06 
0.422   1.06 
0.422   1.06 
0.422   1.06 
0.422   1.06 
0.422   1.06 
0.422   1.06 
0.422   1.06 
0.423   1.06 
0.423   1.06 
0.423   1.06 
0.423   1.06 
0.423   1.06 
0.424   1.06 
0.424   1.06 
0.424   1.06 
0.424   1.06 
0.424   1.06 
0.424   1.06 
0.424   1.06 
0.425   1.06 
0.425   1.06 
0.425   1.06 
0.425   1.06 
0.425   1.06 
0.425   1.06 
0.425   1.06 
0.425   1.06 
0.425   1.06 
0.425   1.06 
0.425   1.06 
0.425   1.06 
0.426   1.06 
0.426   1.06 
0.426   1.06 
0.426   1.06 
0.426   1.06 
0.426   1.06 
0.426   1.06 
0.426   1.06 
0.427   1.06 
0.427   1.06 
0.427   1.06 
0.427   1.06 
0.427   1.06 
0.427   1.06 
0.427   1.06 
0.427   1.06 
0.427   1.06 
0.427   1.07 
0.427   1.07 
0.427   1.07 
0.427   1.07 
0.428   1.07 
0.428   1.07 
0.428   1.07 
0.428   1.07 
0.428   1.07 
0.428   1.07 
0.428   1.07 
0.428   1.07 
0.428   1.07 
0.429   1.07 
0.429   1.07 
0.429   1.07 
0.429   1.07 
0.429   1.07 
0.429   1.07 
0.429   1.07 
0.429   1.07 
0.429   1.07 
0.429   1.07 
0.429   1.07 
0.429   1.07 
0.429   1.07 
0.429   1.07 
0.430   1.07 
0.430   1.07 
0.430   1.07 
0.430   1.07 
0.430   1.07 
0.430   1.07 
0.430   1.07 
0.430   1.07 
0.430   1.07 
0.430   1.07 
0.431   1.07 
0.431   1.07 
0.431   1.07 
0.431   1.07 
0.431   1.07 
0.431   1.07 
0.431   1.07 
0.431   1.07 
0.431   1.07 
0.432   1.07 
0.432   1.07 
0.432   1.07 
0.432   1.07 
0.432   1.07 
0.432   1.07 
0.432   1.07 
0.433   1.07 
0.433   1.07 
0.433   1.07 
0.433   1.07 
0.433   1.07 
0.433   1.07 
0.433   1.07 
0.433   1.07 
0.433   1.07 
0.433   1.07 
0.433   1.07 
0.433   1.07 
0.434   1.07 
0.434   1.07 
0.434   1.07 
0.434   1.07 
0.434   1.07 
0.434   1.07 
0.434   1.07 
0.434   1.07 
0.434   1.07 
0.434   1.07 
0.434   1.07 
0.434   1.07 
0.434   1.07 
0.435   1.07 
0.435   1.07 
0.435   1.07 
0.435   1.07 
0.435   1.07 
0.435   1.07 
0.435   1.07 
0.435   1.07 
0.435   1.07 
0.435   1.07 
0.435   1.07 
0.435   1.07 
0.436   1.07 
0.436   1.07 
0.436   1.07 
0.436   1.07 
0.436   1.07 
0.436   1.07 
0.436   1.07 
0.436   1.07 
0.436   1.07 
0.436   1.07 
0.436   1.07 
0.436   1.07 
0.436   1.07 
0.437   1.07 
0.437   1.07 
0.437   1.07 
0.437   1.07 
0.437   1.07 
0.437   1.07 
0.437   1.07 
0.437   1.07 
0.437   1.07 
0.437   1.07 
0.437   1.07 
0.437   1.07 
0.437   1.07 
0.437   1.07 
0.437   1.08 
0.438   1.08 
0.438   1.08 
0.438   1.08 
0.438   1.08 
0.438   1.08 
0.438   1.08 
0.438   1.08 
0.438   1.08 
0.438   1.08 
0.438   1.08 
0.438   1.08 
0.438   1.08 
0.438   1.08 
0.438   1.08 
0.439   1.08 
0.439   1.08 
0.439   1.08 
0.439   1.08 
0.439   1.08 
0.439   1.08 
0.439   1.08 
0.439   1.08 
0.439   1.08 
0.439   1.08 
0.439   1.08 
0.439   1.08 
0.439   1.08 
0.439   1.08 
0.439   1.08 
0.439   1.08 
0.440   1.08 
0.440   1.08 
0.440   1.08 
0.440   1.08 
0.440   1.08 
0.440   1.08 
0.440   1.08 
0.440   1.08 
0.440   1.08 
0.440   1.08 
0.440   1.08 
0.440   1.08 
0.440   1.08 
0.440   1.08 
0.441   1.08 
0.441   1.08 
0.441   1.08 
0.441   1.08 
0.441   1.08 
0.441   1.08 
0.441   1.08 
0.441   1.08 
0.441   1.08 
0.441   1.08 
0.441   1.08 
0.441   1.08 
0.441   1.08 
0.441   1.08 
0.441   1.08 
0.441   1.08 
0.441   1.08 
0.441   1.08 
0.441   1.08 
0.441   1.08 
0.442   1.08 
0.442   1.08 
0.442   1.08 
0.442   1.08 
0.442   1.08 
0.442   1.08 
0.442   1.08 
0.442   1.08 
0.442   1.08 
0.442   1.08 
0.443   1.08 
0.443   1.08 
0.443   1.08 
0.443   1.08 
0.443   1.08 
0.443   1.08 
0.443   1.08 
0.443   1.08 
0.443   1.08 
0.443   1.08 
0.443   1.08 
0.443   1.08 
0.443   1.08 
0.443   1.08 
0.443   1.08 
0.444   1.08 
0.444   1.08 
0.444   1.08 
0.444   1.08 
0.444   1.08 
0.444   1.08 
0.444   1.08 
0.444   1.08 
0.444   1.08 
0.444   1.08 
0.444   1.08 
0.444   1.08 
0.445   1.08 
0.445   1.08 
0.445   1.08 
0.445   1.08 
0.445   1.08 
0.445   1.08 
0.445   1.08 
0.445   1.08 
0.445   1.08 
0.445   1.08 
0.446   1.08 
0.446   1.08 
0.446   1.08 
0.446   1.08 
0.446   1.08 
0.446   1.08 
0.446   1.08 
0.446   1.08 
0.446   1.08 
0.446   1.08 
0.446   1.08 
0.446   1.08 
0.447   1.08 
0.447   1.08 
0.447   1.08 
0.447   1.08 
0.447   1.08 
0.447   1.08 
0.447   1.08 
0.447   1.08 
0.447   1.08 
0.447   1.08 
0.447   1.08 
0.447   1.08 
0.447   1.08 
0.448   1.08 
0.448   1.08 
0.448   1.08 
0.448   1.08 
0.448   1.08 
0.448   1.08 
0.448   1.08 
0.448   1.08 
0.448   1.08 
0.448   1.08 
0.448   1.08 
0.448   1.09 
0.448   1.09 
0.448   1.09 
0.448   1.09 
0.448   1.09 
0.448   1.09 
0.448   1.09 
0.448   1.09 
0.449   1.09 
0.449   1.09 
0.449   1.09 
0.449   1.09 
0.449   1.09 
0.449   1.09 
0.449   1.09 
0.449   1.09 
0.449   1.09 
0.449   1.09 
0.449   1.09 
0.449   1.09 
0.449   1.09 
0.449   1.09 
0.449   1.09 
0.449   1.09 
0.449   1.09 
0.449   1.09 
0.449   1.09 
0.450   1.09 
0.450   1.09 
0.450   1.09 
0.450   1.09 
0.450   1.09 
0.450   1.09 
0.450   1.09 
0.450   1.09 
0.450   1.09 
0.450   1.09 
0.450   1.09 
0.450   1.09 
0.450   1.09 
0.450   1.09 
0.451   1.09 
0.451   1.09 
0.451   1.09 
0.451   1.09 
0.451   1.09 
0.451   1.09 
0.451   1.09 
0.451   1.09 
0.451   1.09 
0.451   1.09 
0.451   1.09 
0.451   1.09 
0.451   1.09 
0.451   1.09 
0.451   1.09 
0.451   1.09 
0.451   1.09 
0.451   1.09 
0.452   1.09 
0.452   1.09 
0.452   1.09 
0.452   1.09 
0.452   1.09 
0.452   1.09 
0.452   1.09 
0.452   1.09 
0.452   1.09 
0.452   1.09 
0.452   1.09 
0.452   1.09 
0.452   1.09 
0.453   1.09 
0.453   1.09 
0.453   1.09 
0.453   1.09 
0.453   1.09 
0.453   1.09 
0.453   1.09 
0.453   1.09 
0.453   1.09 
0.453   1.09 
0.453   1.09 
0.454   1.09 
0.454   1.09 
0.454   1.09 
0.454   1.09 
0.454   1.09 
0.454   1.09 
0.454   1.09 
0.454   1.09 
0.454   1.09 
0.454   1.09 
0.455   1.09 
0.455   1.09 
0.455   1.09 
0.455   1.09 
0.455   1.09 
0.455   1.09 
0.455   1.09 
0.455   1.09 
0.455   1.09 
0.455   1.09 
0.455   1.09 
0.455   1.09 
0.455   1.09 
0.455   1.09 
0.455   1.09 
0.455   1.09 
0.455   1.09 
0.455   1.09 
0.455   1.09 
0.455   1.09 
0.456   1.09 
0.456   1.10 
0.456   1.10 
0.456   1.10 
0.456   1.10 
0.456   1.10 
0.456   1.10 
0.456   1.10 
0.456   1.10 
0.456   1.10 
0.456   1.10 
0.456   1.10 
0.456   1.10 
0.456   1.10 
0.456   1.10 
0.456   1.10 
0.456   1.10 
0.456   1.10 
0.457   1.10 
0.457   1.10 
0.457   1.10 
0.457   1.10 
0.457   1.10 
0.457   1.10 
0.457   1.10 
0.457   1.10 
0.457   1.10 
0.457   1.10 
0.457   1.10 
0.457   1.10 
0.457   1.10 
0.458   1.10 
0.458   1.10 
0.458   1.10 
0.458   1.10 
0.458   1.10 
0.458   1.10 
0.458   1.10 
0.458   1.10 
0.459   1.10 
0.459   1.10 
0.459   1.10 
0.459   1.10 
0.459   1.10 
0.459   1.10 
0.459   1.10 
0.459   1.10 
0.459   1.11 
0.459   1.11 
0.459   1.11 
0.459   1.11 
0.459   1.11 
0.459   1.11 
0.460   1.11 
0.460   1.11 
0.460   1.11 
0.460   1.11 
0.460   1.11 
0.460   1.12 
0.460   1.12 
0.460   1.12 
0.460   1.12 
0.460   1.12 
0.460   1.12 
0.460   1.13 
0.460   1.13 
0.461   1.13 
0.461   1.13 
0.461   1.13 
0.461   1.13 
0.461   1.13 
0.461   1.13 
0.461   1.13 
0.461   1.13 
0.461   1.13 
0.461   1.13 
0.461   1.14 
0.461   1.14 
0.461   1.14 
0.461   1.14 
0.461   1.15 
0.462   1.15 
0.462   1.15 
0.462   1.15 
0.462   1.15 
0.462   1.15 
0.462   1.15 
0.462   1.15 
0.462   1.16 
0.462   1.16 
0.462   1.16 
0.462   1.18 
0.462   1.18 
0.462   1.18 
0.462   1.18 
0.462   1.19 
0.462   1.19 
0.462   1.20 
0.462   1.21 
0.462   1.21 
0.462   1.21 
0.462   1.24 
0.463   1.25 
0.463   1.25 
0.463   1.27 
0.463   1.28 
0.463   1.29 
0.463   1.29 
0.463   1.31 
0.463   1.31 
0.463   1.32 
0.463   1.32 
0.463   1.33 
0.463   1.33 
0.463   1.33 
0.463   1.34 
0.463   1.34 
0.463   1.34 
0.463   1.35 
0.464   1.36 
0.464   1.37 
0.464   1.38 
0.464   1.39 
0.464   1.39 
0.464   1.39 
0.464   1.40 
0.464   1.40 
0.464   1.41 
0.464   1.41 
0.464   1.42 
0.464   1.42 
0.464   1.45 
0.465   1.45 
0.465   1.45 
0.465   1.45 
0.465   1.46 
0.465   1.48 
0.465   1.48 
0.465   1.48 
0.465   1.48 
0.465   1.50 
0.465   1.50 
0.465   1.51 
0.465   1.51 
0.465   1.52 
0.465   1.52 
0.465   1.53 
0.465   1.53 
0.465   1.53 
0.465   1.56 
0.465   1.58 
0.465   1.59 
0.465   1.60 
0.465   1.60 
0.465   1.61 
0.465   1.63 
0.466   1.64 
0.466   1.65 
0.466   1.65 
0.466   1.66 
0.466   1.67 
0.466   1.67 
0.466   1.68 
0.466   1.68 
0.466   1.69 
0.466   1.72 
0.466   1.73 
0.466   1.75 
0.466   1.75 
0.466   1.78 
0.466   1.81 
0.467   1.82 
0.467   1.84 
0.467   1.84 
0.467   1.89 
0.467   1.91 
0.467   1.94 
0.467   1.95 
0.467   2.06 
0.467   2.08 
0.467   2.11 
0.467   2.11 
0.467   2.13 
0.467   2.13 
0.467   2.19 
0.468   2.21 
0.468   2.22 
0.468   2.22 
0.468   2.26 
0.469   2.27 
0.469   2.34 
0.469   2.38 
0.469   2.38 
0.469   2.42 
0.469   2.42 
0.469   2.44 
0.469   2.49 
0.469   2.53 
0.470   2.64 
0.470   2.75 
0.470   2.75 
0.470   2.78 
0.470   2.82 
0.471   2.84 
0.471   2.85 
0.471   2.88 
0.472   2.89 
0.472   2.94 
0.473   3.02 
0.473   3.04 
0.473   3.11 
0.473   3.13 
0.473   3.20 
0.473   3.22 
0.473   3.26 
0.474   3.26 
0.475   3.36 
0.476   3.38 
0.477   3.40 
0.481   3.43 
0.481   3.46 
0.483   3.53 
0.484   3.55 
0.487   3.57 
0.487   3.62 
0.490   3.74 
0.490   3.76 
0.492   3.96 
0.492   3.96 
0.493   4.33 
0.498   4.40 
0.499   4.52 
0.501   4.68 
0.501   4.77 
0.506   4.82 
0.507   5.08 
0.512   5.26 
0.524   6.59 
0.538   6.85 
0.543   7.51 
0.564   7.74 
0.591   7.92 
0.616   8.27 
0.622   10.6 
0.674   10.6 
