0.3525 - Outlier Low Wired
0.5165 - Outlier High wired
0.99   - Outlier Low Wireless
1.15   - Outler High Wireless

Wired Outliers:
0.305
0.311
0.313
0.318
0.321
0.325
0.325
0.326
0.329
0.331
0.332
0.335
0.344
0.348
0.352

0.524
0.538
0.543
0.564
0.591
0.616
0.622
0.674


Wireless Outliers:
0.874
0.886
0.903
0.906
0.907
0.918
0.918
0.921
0.922
0.924
0.925
0.927
0.928
0.93
0.932
0.934
0.936
0.936
0.938
0.938
0.938
0.938
0.94
0.94
0.942
0.942
0.945
0.946
0.946
0.947
0.948
0.948
0.948
0.949
0.951
0.952
0.953
0.953
0.954
0.955
0.958
0.958
0.959
0.961
0.961
0.962
0.962
0.963
0.964
0.965
0.966
0.966
0.968
0.969
0.97
0.971
0.971
0.972
0.972
0.972
0.973
0.974
0.974
0.974
0.975
0.975
0.976
0.977
0.979
0.98
0.98
0.981
0.982
0.984
0.986
0.988
0.988
0.989


1.16
1.16
1.16
1.18
1.18
1.18
1.18
1.19
1.19
1.2
1.21
1.21
1.21
1.24
1.25
1.25
1.27
1.28
1.29
1.29
1.31
1.31
1.32
1.32
1.33
1.33
1.33
1.34
1.34
1.34
1.35
1.36
1.37
1.38
1.39
1.39
1.39
1.4
1.4
1.41
1.41
1.42
1.42
1.45
1.45
1.45
1.45
1.46
1.48
1.48
1.48
1.48
1.5
1.5
1.51
1.51
1.52
1.52
1.53
1.53
1.53
1.56
1.58
1.59
1.6
1.6
1.61
1.63
1.64
1.65
1.65
1.66
1.67
1.67
1.68
1.68
1.69
1.72
1.73
1.75
1.75
1.78
1.81
1.82
1.84
1.84
1.89
1.91
1.94
1.95
2.06
2.08
2.11
2.11
2.13
2.13
2.19
2.21
2.22
2.22
2.26
2.27
2.34
2.38
2.38
2.42
2.42
2.44
2.49
2.53
2.64
2.75
2.75
2.78
2.82
2.84
2.85
2.88
2.89
2.94
3.02
3.04
3.11
3.13
3.2
3.22
3.26
3.26
3.36
3.38
3.4
3.43
3.46
3.53
3.55
3.57
3.62
3.74
3.76
3.96
3.96
4.33
4.4
4.52
4.68
4.77
4.82
5.08
5.26
6.59
6.85
7.51
7.74
7.92
8.27
10.6
10.6
