0.305 
0.311 
0.313 
0.318 
0.321 
0.325 
0.325 
0.326 
0.329 
0.331 
0.332 
0.335 
0.344 
0.348 
0.352 
0.353 
0.356 
0.357 
0.357 
0.358 
0.358 
0.359 
0.360 
0.361 
0.361 
0.361 
0.362 
0.363 
0.364 
0.364 
0.366 
0.366 
0.366 
0.367 
0.367 
0.368 
0.369 
0.370 
0.370 
0.370 
0.370 
0.371 
0.371 
0.371 
0.371 
0.371 
0.371 
0.372 
0.373 
0.373 
0.374 
0.374 
0.374 
0.374 
0.375 
0.375 
0.375 
0.375 
0.376 
0.376 
0.376 
0.376 
0.377 
0.377 
0.377 
0.377 
0.377 
0.377 
0.379 
0.379 
0.379 
0.379 
0.380 
0.381 
0.382 
0.383 
0.383 
0.383 
0.383 
0.383 
0.383 
0.384 
0.384 
0.384 
0.384 
0.384 
0.385 
0.385 
0.385 
0.385 
0.386 
0.386 
0.386 
0.386 
0.386 
0.386 
0.386 
0.386 
0.387 
0.388 
0.388 
0.388 
0.389 
0.389 
0.389 
0.389 
0.389 
0.389 
0.390 
0.390 
0.390 
0.390 
0.391 
0.392 
0.392 
0.392 
0.392 
0.392 
0.392 
0.392 
0.393 
0.393 
0.393 
0.393 
0.393 
0.394 
0.394 
0.394 
0.394 
0.394 
0.395 
0.395 
0.395 
0.395 
0.395 
0.395 
0.395 
0.395 
0.395 
0.395 
0.396 
0.396 
0.396 
0.397 
0.397 
0.397 
0.397 
0.397 
0.397 
0.397 
0.397 
0.398 
0.398 
0.398 
0.398 
0.398 
0.398 
0.398 
0.398 
0.398 
0.399 
0.399 
0.400 
0.400 
0.400 
0.400 
0.400 
0.400 
0.400 
0.401 
0.401 
0.401 
0.401 
0.401 
0.401 
0.402 
0.402 
0.402 
0.403 
0.403 
0.403 
0.403 
0.403 
0.404 
0.404 
0.404 
0.404 
0.405 
0.405 
0.405 
0.405 
0.405 
0.405 
0.406 
0.406 
0.406 
0.406 
0.406 
0.406 
0.406 
0.406 
0.407 
0.407 
0.407 
0.407 
0.407 
0.408 
0.408 
0.408 
0.408 
0.409 
0.409 
0.409 
0.409 
0.409 
0.409 
0.410 
0.410 
0.410 
0.410 
0.411 
0.411 
0.411 
0.411 
0.411 
0.411 
0.412 
0.412 
0.412 
0.412 
0.412 
0.412 
0.412 
0.412 
0.413 
0.413 
0.413 
0.413 
0.413 
0.413 
0.413 
0.413 
0.413 
0.414 
0.414 
0.414 
0.414 
0.414 
0.414 
0.414 
0.414 
0.414 
0.414 
0.414 
0.415 
0.415 
0.415 
0.415 
0.415 
0.415 
0.415 
0.415 
0.415 
0.415 
0.416 
0.416 
0.416 
0.416 
0.416 
0.416 
0.416 
0.416 
0.416 
0.416 
0.417 
0.417 
0.417 
0.417 
0.417 
0.417 
0.417 
0.417 
0.417 
0.417 
0.417 
0.418 
0.418 
0.418 
0.418 
0.418 
0.418 
0.418 
0.418 
0.418 
0.418 
0.418 
0.418 
0.419 
0.419 
0.419 
0.419 
0.419 
0.419 
0.419 
0.419 
0.419 
0.419 
0.419 
0.419 
0.419 
0.420 
0.420 
0.420 
0.420 
0.420 
0.420 
0.420 
0.420 
0.420 
0.420 
0.420 
0.421 
0.421 
0.421 
0.421 
0.422 
0.422 
0.422 
0.422 
0.422 
0.422 
0.422 
0.422 
0.422 
0.422 
0.422 
0.423 
0.423 
0.423 
0.423 
0.423 
0.424 
0.424 
0.424 
0.424 
0.424 
0.424 
0.424 
0.425 
0.425 
0.425 
0.425 
0.425 
0.425 
0.425 
0.425 
0.425 
0.425 
0.425 
0.425 
0.426 
0.426 
0.426 
0.426 
0.426 
0.426 
0.426 
0.426 
0.427 
0.427 
0.427 
0.427 
0.427 
0.427 
0.427 
0.427 
0.427 
0.427 
0.427 
0.427 
0.427 
0.428 
0.428 
0.428 
0.428 
0.428 
0.428 
0.428 
0.428 
0.428 
0.429 
0.429 
0.429 
0.429 
0.429 
0.429 
0.429 
0.429 
0.429 
0.429 
0.429 
0.429 
0.429 
0.429 
0.430 
0.430 
0.430 
0.430 
0.430 
0.430 
0.430 
0.430 
0.430 
0.430 
0.431 
0.431 
0.431 
0.431 
0.431 
0.431 
0.431 
0.431 
0.431 
0.432 
0.432 
0.432 
0.432 
0.432 
0.432 
0.432 
0.433 
0.433 
0.433 
0.433 
0.433 
0.433 
0.433 
0.433 
0.433 
0.433 
0.433 
0.433 
0.434 
0.434 
0.434 
0.434 
0.434 
0.434 
0.434 
0.434 
0.434 
0.434 
0.434 
0.434 
0.434 
0.435 
0.435 
0.435 
0.435 
0.435 
0.435 
0.435 
0.435 
0.435 
0.435 
0.435 
0.435 
0.436 
0.436 
0.436 
0.436 
0.436 
0.436 
0.436 
0.436 
0.436 
0.436 
0.436 
0.436 
0.436 
0.437 
0.437 
0.437 
0.437 
0.437 
0.437 
0.437 
0.437 
0.437 
0.437 
0.437 
0.437 
0.437 
0.437 
0.437 
0.438 
0.438 
0.438 
0.438 
0.438 
0.438 
0.438 
0.438 
0.438 
0.438 
0.438 
0.438 
0.438 
0.438 
0.439 
0.439 
0.439 
0.439 
0.439 
0.439 
0.439 
0.439 
0.439 
0.439 
0.439 
0.439 
0.439 
0.439 
0.439 
0.439 
0.440 
0.440 
0.440 
0.440 
0.440 
0.440 
0.440 
0.440 
0.440 
0.440 
0.440 
0.440 
0.440 
0.440 
0.441 
0.441 
0.441 
0.441 
0.441 
0.441 
0.441 
0.441 
0.441 
0.441 
0.441 
0.441 
0.441 
0.441 
0.441 
0.441 
0.441 
0.441 
0.441 
0.441 
0.442 
0.442 
0.442 
0.442 
0.442 
0.442 
0.442 
0.442 
0.442 
0.442 
0.443 
0.443 
0.443 
0.443 
0.443 
0.443 
0.443 
0.443 
0.443 
0.443 
0.443 
0.443 
0.443 
0.443 
0.443 
0.444 
0.444 
0.444 
0.444 
0.444 
0.444 
0.444 
0.444 
0.444 
0.444 
0.444 
0.444 
0.445 
0.445 
0.445 
0.445 
0.445 
0.445 
0.445 
0.445 
0.445 
0.445 
0.446 
0.446 
0.446 
0.446 
0.446 
0.446 
0.446 
0.446 
0.446 
0.446 
0.446 
0.446 
0.447 
0.447 
0.447 
0.447 
0.447 
0.447 
0.447 
0.447 
0.447 
0.447 
0.447 
0.447 
0.447 
0.448 
0.448 
0.448 
0.448 
0.448 
0.448 
0.448 
0.448 
0.448 
0.448 
0.448 
0.448 
0.448 
0.448 
0.448 
0.448 
0.448 
0.448 
0.448 
0.449 
0.449 
0.449 
0.449 
0.449 
0.449 
0.449 
0.449 
0.449 
0.449 
0.449 
0.449 
0.449 
0.449 
0.449 
0.449 
0.449 
0.449 
0.449 
0.450 
0.450 
0.450 
0.450 
0.450 
0.450 
0.450 
0.450 
0.450 
0.450 
0.450 
0.450 
0.450 
0.450 
0.451 
0.451 
0.451 
0.451 
0.451 
0.451 
0.451 
0.451 
0.451 
0.451 
0.451 
0.451 
0.451 
0.451 
0.451 
0.451 
0.451 
0.451 
0.452 
0.452 
0.452 
0.452 
0.452 
0.452 
0.452 
0.452 
0.452 
0.452 
0.452 
0.452 
0.452 
0.453 
0.453 
0.453 
0.453 
0.453 
0.453 
0.453 
0.453 
0.453 
0.453 
0.453 
0.454 
0.454 
0.454 
0.454 
0.454 
0.454 
0.454 
0.454 
0.454 
0.454 
0.455 
0.455 
0.455 
0.455 
0.455 
0.455 
0.455 
0.455 
0.455 
0.455 
0.455 
0.455 
0.455 
0.455 
0.455 
0.455 
0.455 
0.455 
0.455 
0.455 
0.456 
0.456 
0.456 
0.456 
0.456 
0.456 
0.456 
0.456 
0.456 
0.456 
0.456 
0.456 
0.456 
0.456 
0.456 
0.456 
0.456 
0.456 
0.457 
0.457 
0.457 
0.457 
0.457 
0.457 
0.457 
0.457 
0.457 
0.457 
0.457 
0.457 
0.457 
0.458 
0.458 
0.458 
0.458 
0.458 
0.458 
0.458 
0.458 
0.459 
0.459 
0.459 
0.459 
0.459 
0.459 
0.459 
0.459 
0.459 
0.459 
0.459 
0.459 
0.459 
0.459 
0.460 
0.460 
0.460 
0.460 
0.460 
0.460 
0.460 
0.460 
0.460 
0.460 
0.460 
0.460 
0.460 
0.461 
0.461 
0.461 
0.461 
0.461 
0.461 
0.461 
0.461 
0.461 
0.461 
0.461 
0.461 
0.461 
0.461 
0.461 
0.462 
0.462 
0.462 
0.462 
0.462 
0.462 
0.462 
0.462 
0.462 
0.462 
0.462 
0.462 
0.462 
0.462 
0.462 
0.462 
0.462 
0.462 
0.462 
0.462 
0.462 
0.463 
0.463 
0.463 
0.463 
0.463 
0.463 
0.463 
0.463 
0.463 
0.463 
0.463 
0.463 
0.463 
0.463 
0.463 
0.463 
0.463 
0.464 
0.464 
0.464 
0.464 
0.464 
0.464 
0.464 
0.464 
0.464 
0.464 
0.464 
0.464 
0.464 
0.465 
0.465 
0.465 
0.465 
0.465 
0.465 
0.465 
0.465 
0.465 
0.465 
0.465 
0.465 
0.465 
0.465 
0.465 
0.465 
0.465 
0.465 
0.465 
0.465 
0.465 
0.465 
0.465 
0.465 
0.466 
0.466 
0.466 
0.466 
0.466 
0.466 
0.466 
0.466 
0.466 
0.466 
0.466 
0.466 
0.466 
0.466 
0.466 
0.467 
0.467 
0.467 
0.467 
0.467 
0.467 
0.467 
0.467 
0.467 
0.467 
0.467 
0.467 
0.467 
0.467 
0.468 
0.468 
0.468 
0.468 
0.469 
0.469 
0.469 
0.469 
0.469 
0.469 
0.469 
0.469 
0.469 
0.470 
0.470 
0.470 
0.470 
0.470 
0.471 
0.471 
0.471 
0.472 
0.472 
0.473 
0.473 
0.473 
0.473 
0.473 
0.473 
0.473 
0.474 
0.475 
0.476 
0.477 
0.481 
0.481 
0.483 
0.484 
0.487 
0.487 
0.490 
0.490 
0.492 
0.492 
0.493 
0.498 
0.499 
0.501 
0.501 
0.506 
0.507 
0.512 
0.524 
0.538 
0.543 
0.564 
0.591 
0.616 
0.622 
0.674 
