1.01 
1.06 
2.27 
1.07 
1.08 
1.09 
1.08 
3.40 
2.64 
1.06 
1.75 
1.06 
1.52 
1.09 
1.09 
1.11 
3.55 
1.07 
1.08 
1.08 
1.25 
1.72 
1.08 
1.33 
1.08 
1.08 
1.09 
1.09 
1.07 
1.07 
1.01 
3.74 
2.22 
3.96 
1.48 
1.07 
1.07 
1.08 
1.09 
1.08 
1.10 
1.08 
1.08 
1.95 
1.08 
1.07 
1.08 
1.59 
1.15 
1.06 
1.08 
1.09 
1.08 
0.998
1.07 
1.09 
1.07 
1.05 
1.09 
1.09 
1.06 
1.07 
4.52 
1.08 
1.16 
1.10 
2.13 
1.09 
4.33 
1.03 
1.07 
1.21 
1.07 
1.06 
1.07 
1.04 
1.06 
1.06 
1.07 
1.08 
1.09 
1.18 
1.09 
1.09 
1.10 
1.09 
1.09 
1.09 
1.07 
1.10 
1.09 
1.03 
1.08 
1.08 
1.06 
1.08 
1.18 
1.07 
1.68 
1.07 
1.07 
1.03 
1.08 
1.06 
1.03 
1.13 
3.02 
1.84 
1.18 
0.972
0.938
1.08 
0.924
1.07 
0.972
1.02 
1.00 
1.13 
0.975
1.00 
3.11 
1.03 
1.01 
1.07 
1.08 
1.06 
1.24 
1.10 
1.09 
1.78 
7.92 
1.06 
1.09 
1.09 
1.09 
1.40 
1.08 
1.04 
1.06 
1.07 
1.64 
1.06 
1.07 
1.09 
1.05 
1.06 
1.09 
1.07 
1.10 
1.09 
0.966
1.07 
1.08 
0.974
1.08 
1.06 
1.00 
1.01 
1.05 
2.19 
1.07 
1.08 
1.04 
1.68 
0.936
1.04 
1.07 
1.45 
1.09 
1.06 
2.53 
1.38 
1.08 
1.07 
1.89 
1.08 
1.08 
1.08 
1.45 
1.07 
1.08 
1.09 
1.07 
1.12 
1.06 
1.65 
1.08 
1.08 
1.11 
10.6 
1.13 
1.08 
1.07 
1.07 
5.26 
1.05 
1.06 
1.07 
1.01 
1.07 
1.06 
1.02 
1.08 
1.06 
1.08 
1.03 
1.08 
1.08 
1.06 
1.06 
0.992
1.08 
1.07 
1.07 
1.07 
1.46 
1.08 
1.08 
1.09 
1.08 
1.09 
1.06 
1.06 
1.06 
1.06 
1.07 
1.08 
1.27 
1.07 
1.09 
1.10 
0.996
1.09 
1.09 
1.13 
1.08 
1.01 
1.07 
1.01 
1.08 
1.05 
1.01 
1.00 
1.67 
1.05 
1.05 
1.04 
1.06 
1.05 
1.10 
1.14 
1.69 
1.07 
1.08 
1.08 
1.07 
1.10 
1.08 
1.08 
1.08 
1.08 
1.08 
1.08 
1.01 
1.09 
1.28 
1.08 
1.08 
1.09 
1.10 
1.09 
1.08 
1.10 
1.09 
1.07 
1.05 
1.07 
1.02 
1.07 
1.07 
1.12 
1.09 
2.42 
1.00 
1.03 
1.08 
1.05 
1.09 
1.03 
1.06 
1.08 
1.06 
1.05 
1.09 
1.05 
1.07 
1.08 
1.09 
1.10 
1.09 
1.08 
1.05 
1.03 
1.08 
1.10 
1.12 
1.05 
1.06 
1.09 
1.09 
1.07 
1.08 
1.11 
1.13 
1.08 
1.05 
1.01 
1.00 
1.10 
1.08 
1.01 
1.07 
1.05 
1.60 
1.06 
1.06 
1.07 
2.78 
1.07 
1.08 
1.34 
4.68 
1.09 
1.07 
1.06 
1.06 
1.10 
1.08 
1.07 
1.09 
1.10 
1.08 
1.08 
1.10 
1.05 
1.56 
1.08 
1.08 
1.09 
1.07 
1.07 
1.06 
1.07 
1.07 
1.06 
1.08 
1.04 
1.05 
1.08 
1.07 
1.07 
1.08 
1.08 
1.65 
1.08 
0.997
1.06 
1.06 
1.02 
1.05 
1.09 
1.06 
1.45 
1.07 
1.07 
1.07 
1.07 
1.07 
1.06 
1.07 
1.08 
1.66 
1.06 
1.01 
1.04 
1.08 
1.09 
1.08 
1.09 
1.10 
1.09 
1.07 
1.06 
1.06 
1.07 
10.6 
8.27 
6.85 
4.77 
2.88 
1.34 
1.08 
1.08 
1.09 
1.06 
1.08 
1.12 
1.09 
1.13 
1.10 
1.11 
1.52 
1.11 
1.09 
1.09 
1.09 
1.10 
1.03 
1.12 
1.09 
1.09 
1.08 
1.03 
1.39 
1.10 
1.10 
1.08 
1.09 
1.05 
1.00 
1.01 
1.08 
1.08 
1.10 
1.14 
2.26 
0.918
0.992
0.938
1.03 
0.966
0.999
1.51 
1.34 
0.975
0.925
0.930
1.39 
0.974
1.00 
1.06 
1.07 
1.05 
0.938
0.965
0.990
0.907
2.84 
1.09 
1.18 
1.06 
1.07 
0.903
2.11 
1.03 
0.951
1.06 
1.07 
1.02 
0.959
0.942
0.962
1.06 
0.962
2.85 
1.07 
0.948
0.976
1.04 
1.09 
1.07 
1.19 
1.08 
3.76 
1.02 
1.67 
0.973
0.999
1.10 
1.09 
1.01 
1.07 
3.26 
1.06 
1.07 
1.33 
2.08 
1.01 
2.82 
1.01 
0.963
3.57 
1.06 
0.977
1.73 
2.75 
1.06 
2.38 
0.998
1.09 
2.22 
0.980
1.08 
1.06 
1.02 
1.03 
1.02 
0.964
1.01 
1.00 
1.01 
1.09 
0.984
1.02 
0.974
0.979
0.938
0.946
0.989
0.972
1.05 
1.03 
1.11 
2.38 
1.04 
0.971
0.928
1.08 
1.03 
1.06 
1.00 
0.932
0.942
0.953
1.00 
1.00 
0.958
0.946
0.948
0.945
0.954
0.986
0.988
0.947
1.11 
1.81 
3.36 
0.955
3.38 
1.04 
2.34 
1.04 
1.10 
0.948
1.07 
1.04 
1.05 
1.10 
0.953
0.958
1.06 
1.08 
1.06 
1.00 
1.48 
1.07 
1.07 
1.02 
1.08 
0.990
1.08 
1.08 
1.09 
1.11 
1.10 
0.968
1.01 
1.02 
1.42 
1.06 
1.08 
1.00 
1.05 
1.10 
1.07 
1.06 
1.03 
1.40 
1.01 
1.33 
1.09 
1.08 
1.10 
1.10 
1.10 
1.09 
1.48 
1.08 
1.91 
1.08 
1.02 
1.05 
1.07 
1.02 
1.13 
1.09 
1.11 
1.75 
1.07 
1.08 
1.15 
1.11 
1.15 
1.06 
1.09 
1.08 
1.05 
1.02 
1.09 
1.02 
1.08 
1.06 
1.08 
1.02 
1.29 
1.32 
1.01 
1.09 
1.09 
1.09 
1.11 
1.02 
1.10 
1.31 
1.12 
1.03 
1.01 
1.05 
1.25 
1.06 
1.09 
1.07 
1.10 
1.35 
1.09 
1.06 
1.42 
1.14 
1.16 
1.09 
1.09 
1.13 
1.08 
1.01 
1.02 
1.10 
1.06 
1.06 
1.19 
1.09 
1.13 
1.50 
1.08 
1.05 
0.996
1.09 
1.06 
1.15 
1.04 
1.10 
1.04 
1.15 
1.09 
1.08 
1.04 
1.07 
1.10 
1.10 
3.53 
1.04 
1.08 
1.07 
1.41 
1.45 
1.06 
1.02 
1.13 
1.10 
1.10 
1.21 
1.09 
1.06 
1.09 
1.05 
1.07 
1.01 
1.07 
1.08 
1.08 
1.07 
1.09 
1.08 
1.05 
1.39 
1.07 
1.01 
1.08 
1.07 
1.07 
1.07 
1.08 
1.53 
1.10 
1.09 
1.03 
1.08 
1.07 
1.06 
1.07 
7.74 
1.07 
1.00 
1.09 
1.06 
1.07 
1.07 
0.961
1.07 
1.09 
1.09 
1.06 
1.08 
1.07 
1.05 
1.02 
1.53 
1.08 
1.09 
1.09 
1.09 
1.06 
1.10 
1.07 
1.08 
1.07 
1.06 
1.05 
1.08 
1.05 
1.08 
1.15 
4.40 
1.10 
1.04 
1.09 
1.09 
1.09 
1.07 
1.08 
1.07 
1.08 
1.03 
1.06 
1.05 
1.02 
1.05 
1.63 
1.08 
1.14 
1.04 
1.09 
1.08 
1.02 
1.05 
1.03 
1.03 
1.07 
1.15 
2.94 
1.06 
1.08 
1.09 
1.61 
1.05 
1.29 
1.09 
1.08 
1.05 
1.05 
1.03 
1.09 
1.09 
1.09 
1.09 
1.07 
1.10 
1.09 
1.09 
1.08 
1.07 
1.06 
1.07 
1.07 
1.01 
1.15 
1.07 
1.08 
1.08 
1.09 
1.07 
1.09 
1.08 
1.03 
1.07 
1.48 
1.02 
1.31 
1.08 
1.07 
1.06 
1.08 
1.09 
1.09 
1.02 
1.10 
1.08 
1.10 
1.08 
1.06 
1.08 
1.10 
1.84 
0.969
1.08 
1.06 
1.06 
1.09 
1.00 
1.08 
1.08 
1.08 
2.06 
1.08 
1.04 
0.961
1.06 
0.922
1.02 
1.05 
1.06 
3.96 
2.42 
1.00 
0.981
1.06 
3.62 
1.09 
1.04 
1.02 
1.20 
1.05 
1.08 
4.82 
1.06 
3.04 
0.940
1.06 
0.934
1.09 
0.988
1.03 
1.01 
0.949
1.08 
1.06 
1.00 
1.07 
1.05 
1.00 
0.921
1.01 
2.11 
0.940
0.993
0.886
1.03 
0.874
0.927
1.21 
1.01 
1.03 
1.00 
1.07 
0.970
1.05 
1.03 
7.51 
1.09 
0.980
1.07 
1.01 
1.09 
1.60 
1.03 
1.09 
1.06 
1.07 
1.04 
1.00 
1.00 
0.906
1.51 
2.89 
1.41 
1.53 
1.09 
1.58 
1.00 
1.00 
1.06 
1.05 
1.04 
1.06 
1.00 
1.01 
1.13 
1.09 
1.07 
1.08 
2.44 
1.02 
0.952
0.971
1.08 
1.06 
1.04 
1.03 
1.08 
1.13 
1.08 
1.03 
0.936
0.918
0.982
3.13 
1.02 
1.00 
1.03 
3.26 
1.00 
1.09 
1.06 
1.03 
3.22 
1.07 
0.994
1.02 
6.59 
1.01 
1.08 
1.36 
1.00 
3.20 
1.08 
1.08 
1.32 
2.75 
1.00 
1.03 
1.06 
1.16 
3.46 
1.05 
1.07 
1.08 
5.08 
1.08 
1.07 
1.05 
1.05 
3.43 
1.04 
1.50 
1.08 
2.49 
1.82 
1.94 
2.13 
2.21 
1.37 
